"S1130-01082010000700016-esp","Rotura esplénica durante colangiopancreato-grafía retrógrada endoscópica","Cortiñas Sáenz, M., Maldonado Hermosos, G., Miota de Llama, J. I., Moreno Planas, J. M., Mayor López, J. C.","Revista Española de Enfermedades Digestivas; 102(7); 457-458","Revista Española de Enfermedades Digestivas","Espanhol","2010","http://scielo.isciii.es/scielo.php?script=sci_arttext&pid=S1130-01082010000700016&lang=pt" 
"S1130-01082010000700012-esp","Acute upper bleeding due to an unusual complication of peptic ulcer disease: double pylorus","Peixoto, P., Sadio, A., Cancela, E., Castanheira, A., Ministro, P., Silva, A., Caldas, A.","Revista Española de Enfermedades Digestivas; 102(7); 451-453","Revista Española de Enfermedades Digestivas","Inglês","2010","http://scielo.isciii.es/scielo.php?script=sci_arttext&pid=S1130-01082010000700012&lang=pt" 
"S1130-01082010000700011-esp","Angelman syndrome and celiac disease","Rodrigo, L., Álvarez, N., Salas-Puig, J., Hernández-Lahoz, C.","Revista Española de Enfermedades Digestivas; 102(7); 450-451","Revista Española de Enfermedades Digestivas","Inglês","2010","http://scielo.isciii.es/scielo.php?script=sci_arttext&pid=S1130-01082010000700011&lang=pt" 
"S1130-01082010000700008-esp","Intragastric foreign body: a rare cause of abdominal pain","Egea Valenzuela, J., Alberca de las Parras, F., Ruiz López, F. J., Martínez Caselles, A., Molina Martínez, J., Carballo Álvarez, F.","Revista Española de Enfermedades Digestivas; 102(7); 444-446","Revista Española de Enfermedades Digestivas","Inglês","2010","http://scielo.isciii.es/scielo.php?script=sci_arttext&pid=S1130-01082010000700008&lang=pt" 
"S1130-01082010000700014-esp","Colitis eosinofílica","Manuel Moreno, J. de, González de Canales, P., Villafruela Cives, M., Garcés Durán, R., Sandoval Martínez, A., Bejarano Redondo, L., Poves Martínez, E.","Revista Española de Enfermedades Digestivas; 102(7); 454-455","Revista Española de Enfermedades Digestivas","Espanhol","2010","http://scielo.isciii.es/scielo.php?script=sci_arttext&pid=S1130-01082010000700014&lang=pt" 
"S1130-01082010000700001-esp","Proximal esophageal ph-monitoring","Pérez de la Serna, J., Ruiz de León San Juan, A., Sevilla Mantilla, C.","Revista Española de Enfermedades Digestivas; 102(7); 403-405","Revista Española de Enfermedades Digestivas","Inglês","2010","http://scielo.isciii.es/scielo.php?script=sci_arttext&pid=S1130-01082010000700001&lang=pt" 
"S1130-01082010000700015-esp","Kikuchi-Fujimoto, abdominal tumor as atypical location","González-Ballester, D., Blanco Fernández, G., Tejero García, M., Márquez Rojas, J., Botello Martínez, F., Solórzano Peck, G., Catalina Fernández, I.","Revista Española de Enfermedades Digestivas; 102(7); 455-457","Revista Española de Enfermedades Digestivas","Inglês","2010","http://scielo.isciii.es/scielo.php?script=sci_arttext&pid=S1130-01082010000700015&lang=pt" 
"S1130-01082010000700006-esp","Endoscopic resection as unique treatment for early colorectal cancer","Ruiz-Tovar, J., Jiménez Miramón, J., Valle, A., Limones, M.","Revista Española de Enfermedades Digestivas; 102(7); 435-441","Revista Española de Enfermedades Digestivas","Inglês","2010","http://scielo.isciii.es/scielo.php?script=sci_arttext&pid=S1130-01082010000700006&lang=pt" 
"S1130-01082010000700003-esp","Usefulness of endoscopic ultrasonography in preoperative gastric cancer staging: diagnostic yield and therapeutic impact","Repiso, A., Gómez-Rodríguez, R., López-Pardo, R., Lombera, M. M., Romero, M., Aranzana, A., Abad, S., Rodríguez-Merlo, R., López, L., Carrobles, J. M.","Revista Española de Enfermedades Digestivas; 102(7); 413-420","Revista Española de Enfermedades Digestivas","Inglês","2010","http://scielo.isciii.es/scielo.php?script=sci_arttext&pid=S1130-01082010000700003&lang=pt" 
"S1130-01082010000700002-esp","Normal values in ambulatory oesophageal pH monitoring at two levels in Spain","","Revista Española de Enfermedades Digestivas; 102(7); 406-412","Revista Española de Enfermedades Digestivas","Inglês","2010","http://scielo.isciii.es/scielo.php?script=sci_arttext&pid=S1130-01082010000700002&lang=pt" 
"S1130-01082010000700004-esp","Montelukast treatment (cysteinyl leukotriene receptor antagonist) in a model of food allergy: modifications in lymphatic cell population from rectal mucosa","Vinuesa, M., Bassan, N., Cases, A. I., Krumrik, G.","Revista Española de Enfermedades Digestivas; 102(7); 421-425","Revista Española de Enfermedades Digestivas","Inglês","2010","http://scielo.isciii.es/scielo.php?script=sci_arttext&pid=S1130-01082010000700004&lang=pt" 
"S1130-01082010000700010-esp","Prótesis descompresiva cólica","Bordas, J. M.","Revista Española de Enfermedades Digestivas; 102(7); 449-449","Revista Española de Enfermedades Digestivas","Espanhol","2010","http://scielo.isciii.es/scielo.php?script=sci_arttext&pid=S1130-01082010000700010&lang=pt" 
"S1130-01082010000700005-esp","Hepatic fibrosis in patients with chronic hepatitis C assessed by transient elastography: implications for determining the efficacy of antiviral therapy","Mendoza, J., Trapero-Marugán, M., González-Moreno, L., Jones, E. A., Gómez-Domínguez, E., Moreno-Otero, R.","Revista Española de Enfermedades Digestivas; 102(7); 426-434","Revista Española de Enfermedades Digestivas","Inglês","2010","http://scielo.isciii.es/scielo.php?script=sci_arttext&pid=S1130-01082010000700005&lang=pt" 
"S1130-01082010000700013-esp","Hepatic rupture and hemoperitoneum in a pregnant woman with hellp syndrome","Gutiérrez Cafranga, E., García Molina, F. J., León del Pino, R., Montes Posada, E., Franco Osorio, J. D., Mateo Vallejo, F. J.","Revista Española de Enfermedades Digestivas; 102(7); 453-454","Revista Española de Enfermedades Digestivas","Inglês","2010","http://scielo.isciii.es/scielo.php?script=sci_arttext&pid=S1130-01082010000700013&lang=pt" 
"S0101-33002010000200002-scl","Caminhos cruzados: rumo a uma estratégia de desenvolvimento baseada na inovação","Arbix, Glauco","Novos Estudos - CEBRAP; (87); 13-33","Novos Estudos - CEBRAP","Português","2010","http://www.scielo.br/scielo.php?script=sci_arttext&pid=S0101-33002010000200002&lang=pt" 
"S0101-33002010000200004-scl","Identidade política, desigualdade e partidos brasileiros","Reis, Fábio Wanderley","Novos Estudos - CEBRAP; (87); 61-75","Novos Estudos - CEBRAP","Português","2010","http://www.scielo.br/scielo.php?script=sci_arttext&pid=S0101-33002010000200004&lang=pt" 
"S0101-33002010000200011-scl","Absorto na ação","Fried, Michael","Novos Estudos - CEBRAP; (87); 181-191","Novos Estudos - CEBRAP","Português","2010","http://www.scielo.br/scielo.php?script=sci_arttext&pid=S0101-33002010000200011&lang=pt" 
"S0101-33002010000200008-scl","Educação: um novo patamar institucional","Abreu, Maria Aparecida Azevedo","Novos Estudos - CEBRAP; (87); 131-143","Novos Estudos - CEBRAP","Português","2010","http://www.scielo.br/scielo.php?script=sci_arttext&pid=S0101-33002010000200008&lang=pt" 
"S0101-33002010000200012-scl","Arquitetura arruinada","Wisnik, Guilherme","Novos Estudos - CEBRAP; (87); 193-197","Novos Estudos - CEBRAP","Português","2010","http://www.scielo.br/scielo.php?script=sci_arttext&pid=S0101-33002010000200012&lang=pt" 
"S0101-33002010000200014-scl","","Paschoa, Airton","Novos Estudos - CEBRAP; (87); 209-211","Novos Estudos - CEBRAP","Português","2010","http://www.scielo.br/scielo.php?script=sci_arttext&pid=S0101-33002010000200014&lang=pt" 
"S0101-33002010000200003-scl","À sombra de Charles de Gaulle: uma diplomacia carismática e intransferível. A política externa do governo Luiz Inácio Lula da Silva (2003-2010)","Ricupero, Rubens","Novos Estudos - CEBRAP; (87); 35-58","Novos Estudos - CEBRAP","Português","2010","http://www.scielo.br/scielo.php?script=sci_arttext&pid=S0101-33002010000200003&lang=pt" 
"S0101-33002010000200005-scl","Desigualdades raciais e políticas públicas: ações afirmativas no governo Lula","Lima, Márcia","Novos Estudos - CEBRAP; (87); 77-95","Novos Estudos - CEBRAP","Português","2010","http://www.scielo.br/scielo.php?script=sci_arttext&pid=S0101-33002010000200005&lang=pt" 
"S0101-33002010000200006-scl","Desenvolvimento sustentável: qual a estratégia para o Brasil?","Abramovay, Ricardo","Novos Estudos - CEBRAP; (87); 97-113","Novos Estudos - CEBRAP","Português","2010","http://www.scielo.br/scielo.php?script=sci_arttext&pid=S0101-33002010000200006&lang=pt" 
"S0101-33002010000200009-scl","Os campos de extermínio da desigualdade","Therborn, Göran","Novos Estudos - CEBRAP; (87); 145-156","Novos Estudos - CEBRAP","Português","2010","http://www.scielo.br/scielo.php?script=sci_arttext&pid=S0101-33002010000200009&lang=pt" 
"S0101-33002010000200010-scl","O show de Darwin","Shapin, Steve","Novos Estudos - CEBRAP; (87); 159-179","Novos Estudos - CEBRAP","Português","2010","http://www.scielo.br/scielo.php?script=sci_arttext&pid=S0101-33002010000200010&lang=pt" 
"S1853-001X2010000100001-arg","Presentación","Domínguez, Nora","Mora (Buenos Aires); 16(1); -","Mora (Buenos Aires)","Espanhol","2010","http://www.scielo.org.ar/scielo.php?script=sci_arttext&pid=S1853-001X2010000100001&lang=pt" 
"S1853-001X2010000100002-arg","Relatos modernos, centramientos y descentramientos de género: Los Sueños de Grete Stern en Idilio","Bertúa, Paula","Mora (Buenos Aires); 16(1); -","Mora (Buenos Aires)","Espanhol","2010","http://www.scielo.org.ar/scielo.php?script=sci_arttext&pid=S1853-001X2010000100002&lang=pt" 
"S1853-001X2010000100003-arg","Grete Stern: imágenes del goce femenino","Soria, Claudia","Mora (Buenos Aires); 16(1); -","Mora (Buenos Aires)","Espanhol","2010","http://www.scielo.org.ar/scielo.php?script=sci_arttext&pid=S1853-001X2010000100003&lang=pt" 
"S1853-001X2010000100004-arg","Yo, cualquier Yo: Gabriela Liffschitz, fotógrafa","Cortés Roca, Paola","Mora (Buenos Aires); 16(1); -","Mora (Buenos Aires)","Espanhol","2010","http://www.scielo.org.ar/scielo.php?script=sci_arttext&pid=S1853-001X2010000100004&lang=pt" 
"S1853-001X2010000100005-arg","Mirar madres: Adriana Lestido: espacios, rostros, afectos","Domínguez, Nora","Mora (Buenos Aires); 16(1); -","Mora (Buenos Aires)","Espanhol","2010","http://www.scielo.org.ar/scielo.php?script=sci_arttext&pid=S1853-001X2010000100005&lang=pt" 
"S1853-001X2010000100006-arg","Las mujeres argentinas desde la perspectiva de otra mujer: Katherine Dreier en Buenos Aires","Luciani, María Paula","Mora (Buenos Aires); 16(1); -","Mora (Buenos Aires)","Espanhol","2010","http://www.scielo.org.ar/scielo.php?script=sci_arttext&pid=S1853-001X2010000100006&lang=pt" 
"S1853-001X2010000100007-arg","Conmemoraciones patrióticas y mujeres: los desafíos del presente en el Bicentenario de la Revolución de Mayo","Lobato, Mirta Zaida","Mora (Buenos Aires); 16(1); -","Mora (Buenos Aires)","Espanhol","2010","http://www.scielo.org.ar/scielo.php?script=sci_arttext&pid=S1853-001X2010000100007&lang=pt" 
"S1853-001X2010000100008-arg","Frente al Bicentenario","Barrancos, Dora","Mora (Buenos Aires); 16(1); -","Mora (Buenos Aires)","Espanhol","2010","http://www.scielo.org.ar/scielo.php?script=sci_arttext&pid=S1853-001X2010000100008&lang=pt" 
"S1853-001X2010000100009-arg","Sofía Kovalévskaia 1850-1891: Símbolo y ejemplo. Sus memorias, sus luchas, sus triunfos, sus derrotas","Becerra, Marina","Mora (Buenos Aires); 16(1); -","Mora (Buenos Aires)","Espanhol","2010","http://www.scielo.org.ar/scielo.php?script=sci_arttext&pid=S1853-001X2010000100009&lang=pt" 
"S1853-001X2010000100010-arg","","De Santo, Magdalena","Mora (Buenos Aires); 16(1); -","Mora (Buenos Aires)","Espanhol","2010","http://www.scielo.org.ar/scielo.php?script=sci_arttext&pid=S1853-001X2010000100010&lang=pt" 
"S1853-001X2010000100011-arg","Máscaras del deseo: Una lectura del deseo en Judith Butler","Martínez, Ariel","Mora (Buenos Aires); 16(1); -","Mora (Buenos Aires)","Espanhol","2010","http://www.scielo.org.ar/scielo.php?script=sci_arttext&pid=S1853-001X2010000100011&lang=pt" 
"S1853-001X2010000100012-arg","Feministas en todas partes: Una etnografía de espacios y narrativas feministas en Argentina","Pita, Valeria Silvina","Mora (Buenos Aires); 16(1); -","Mora (Buenos Aires)","Espanhol","2010","http://www.scielo.org.ar/scielo.php?script=sci_arttext&pid=S1853-001X2010000100012&lang=pt" 
"S1853-001X2010000100013-arg","Género, familias y trabajo: rupturas y continuidades. Desafíos para la investigación política","Russo, Marlene Denise","Mora (Buenos Aires); 16(1); -","Mora (Buenos Aires)","Espanhol","2010","http://www.scielo.org.ar/scielo.php?script=sci_arttext&pid=S1853-001X2010000100013&lang=pt" 
"S1853-001X2010000100014-arg","Mujeres y Movimientos Guerrilleros: Nicaragua, El Salvador, Chiapas y Cuba","Rifkin, Deborah","Mora (Buenos Aires); 16(1); -","Mora (Buenos Aires)","Espanhol","2010","http://www.scielo.org.ar/scielo.php?script=sci_arttext&pid=S1853-001X2010000100014&lang=pt" 
"S1853-001X2010000100015-arg","Políticas de reconocimiento","Leciñana, Mayra","Mora (Buenos Aires); 16(1); -","Mora (Buenos Aires)","Espanhol","2010","http://www.scielo.org.ar/scielo.php?script=sci_arttext&pid=S1853-001X2010000100015&lang=pt" 
"S1853-001X2010000100016-arg","Cosas de hombres: Escritores y caudillos en la literatura latinoamericana del siglo XX","Bianchi, Paula Daniela","Mora (Buenos Aires); 16(1); -","Mora (Buenos Aires)","Espanhol","2010","http://www.scielo.org.ar/scielo.php?script=sci_arttext&pid=S1853-001X2010000100016&lang=pt" 
"S1853-001X2010000100017-arg","Género y sexualidades en las tramas del saber: Revisiones y propuestas","Lavigne, Luciana","Mora (Buenos Aires); 16(1); -","Mora (Buenos Aires)","Espanhol","2010","http://www.scielo.org.ar/scielo.php?script=sci_arttext&pid=S1853-001X2010000100017&lang=pt" 
"S1816-79502010000400016-sza","Effect of altitude on erosive characteristics of concurrent rainfall events in the northern KwaZulu-Natal Drakensberg","Nel, W, Reynhardt, DA, Sumner, PD","Water SA; 36(4); -","Water SA","Inglês","2010","http://www.scielo.org.za/scielo.php?script=sci_arttext&pid=S1816-79502010000400016&lang=pt" 
"S1816-79502010000400001-sza","Using satellite-based rainfall data to support the implementation of environmental water requirements in South Africa","Sawunyama, T, Hughes, DA","Water SA; 36(4); -","Water SA","Inglês","2010","http://www.scielo.org.za/scielo.php?script=sci_arttext&pid=S1816-79502010000400001&lang=pt" 
"S1816-79502010000400002-sza","Options for meeting the ecological Reserve for a raised Clanwilliam Dam","Brown, CA, van der Berg, E, Sparks, A, Magoba, RN","Water SA; 36(4); -","Water SA","Inglês","2010","http://www.scielo.org.za/scielo.php?script=sci_arttext&pid=S1816-79502010000400002&lang=pt" 
"S1816-79502010000400003-sza","Challenges in using fish communities for assessing the ecological integrity of non-perennial rivers","Avenant, MF","Water SA; 36(4); -","Water SA","Inglês","2010","http://www.scielo.org.za/scielo.php?script=sci_arttext&pid=S1816-79502010000400003&lang=pt" 
"S1816-79502010000400004-sza","The use of liver histopathology, lipid peroxidation and acetylcholinesterase assays as biomarkers of contaminant-induced stress in the Cape stumpnose, Rhabdosargus holubi (Teleostei: Sparidae), from selected South African estuaries","Richardson, N, Gordon, AK, Muller, WJ, Pletschke, BI, Whitfield, AK","Water SA; 36(4); -","Water SA","Inglês","2010","http://www.scielo.org.za/scielo.php?script=sci_arttext&pid=S1816-79502010000400004&lang=pt" 
"S1816-79502010000400005-sza","Comparison of conventional culture and real-time quantitative PCR using SYBR Green for detection of Legionella pneumophila in water samples","Fittipaldi, M, Codony, F, Morató, J","Water SA; 36(4); -","Water SA","Inglês","2010","http://www.scielo.org.za/scielo.php?script=sci_arttext&pid=S1816-79502010000400005&lang=pt" 
"S1816-79502010000400006-sza","The abundance of Cryptosporidium and Giardia spp. in treated effluents produced by four wastewater treatment plants in the Gauteng Province of South Africa","Dungeni, M, Momba, MNB","Water SA; 36(4); -","Water SA","Inglês","2010","http://www.scielo.org.za/scielo.php?script=sci_arttext&pid=S1816-79502010000400006&lang=pt" 
"S1816-79502010000400007-sza","Synthesis of silver impregnated carbon nanotubes and cyclodextrin polyurethanes for the disinfection of water","Lukhele, LP, Krause, RWM, Mamba, BB, Momba, MNB","Water SA; 36(4); -","Water SA","Inglês","2010","http://www.scielo.org.za/scielo.php?script=sci_arttext&pid=S1816-79502010000400007&lang=pt" 
"S1816-79502010000400008-sza","The effect of conditioning with NaCl, KCl and HCl on the performance of natural clinoptilolite&#039;s removal efficiency of Cu2+ and Co2+ from Co/Cu synthetic solutions","Mamba, BB, Nyembe, DW, Mulaba-Bafubiandi, AF","Water SA; 36(4); -","Water SA","Inglês","2010","http://www.scielo.org.za/scielo.php?script=sci_arttext&pid=S1816-79502010000400008&lang=pt" 
"S1816-79502010000400009-sza","The effect of silica concentration on the biosorption of Cu2+ and Co2+ from aqueous solutions mediated by strains of Bacillus","Dlamini, NP, Mamba, BB, Mulaba-Bafubiandi, AF","Water SA; 36(4); -","Water SA","Inglês","2010","http://www.scielo.org.za/scielo.php?script=sci_arttext&pid=S1816-79502010000400009&lang=pt" 
"S1816-79502010000400010-sza","Optimising the allocation of groundwater carrying capacity in a data-scarce region","Xun-Gui, Li, Xia, Wei, Yu-Dong, Lu","Water SA; 36(4); -","Water SA","Inglês","2010","http://www.scielo.org.za/scielo.php?script=sci_arttext&pid=S1816-79502010000400010&lang=pt" 
"S1816-79502010000400011-sza","A conceptual model for the development and management of the Cape Flats aquifer, South Africa","Adelana, Segun, Xu, Yongxin, Vrbka, Petr","Water SA; 36(4); -","Water SA","Inglês","2010","http://www.scielo.org.za/scielo.php?script=sci_arttext&pid=S1816-79502010000400011&lang=pt" 
"S1816-79502010000400012-sza","Framework for local government to implement integrated water resource management linked to water service delivery","Haigh, EH, Fox, HE, Davies-Coleman, HD","Water SA; 36(4); -","Water SA","Inglês","2010","http://www.scielo.org.za/scielo.php?script=sci_arttext&pid=S1816-79502010000400012&lang=pt" 
"S1816-79502010000400013-sza","Water network rehabilitation: a group decision-making approach","Morais, Danielle C, Almeida, Adiel T","Water SA; 36(4); -","Water SA","Inglês","2010","http://www.scielo.org.za/scielo.php?script=sci_arttext&pid=S1816-79502010000400013&lang=pt" 
"S1816-79502010000400014-sza","Flux flow and cleaning enhancement in a spiral membrane element, using continuous infrasonic backpulsing","McLachlan, DS, Koen, D, Sanderson, RD","Water SA; 36(4); -","Water SA","Inglês","2010","http://www.scielo.org.za/scielo.php?script=sci_arttext&pid=S1816-79502010000400014&lang=pt" 
"S1816-79502010000400015-sza","Optimisation of the membrane-assisted passive sampler and its comparison with solid phase extraction technique","Nyoni, Hlengilizwe, Chimuka, Luke, Vrana, Branislav, Cukrowska, Ewa, Tutu, Hlanganani","Water SA; 36(4); -","Water SA","Inglês","2010","http://www.scielo.org.za/scielo.php?script=sci_arttext&pid=S1816-79502010000400015&lang=pt" 
"S0101-33002010000200001-scl","O pecado original da sociedade e da ordem jurídica brasileira","Alencastro, Luiz Felipe de","Novos Estudos - CEBRAP; (87); 5-11","Novos Estudos - CEBRAP","Português","2010","http://www.scielo.br/scielo.php?script=sci_arttext&pid=S0101-33002010000200001&lang=pt" 
"S0101-33002010000200013-scl","Entre a sociedade civil e a sociedade política","Romão, Wagner de Melo","Novos Estudos - CEBRAP; (87); 199-206","Novos Estudos - CEBRAP","Português","2010","http://www.scielo.br/scielo.php?script=sci_arttext&pid=S0101-33002010000200013&lang=pt" 
"S0101-33002010000200007-scl","O Bolsa Família na berlinda? Os desafios atuais dos programas de transferência de renda","Bichir, Renata Mirandola","Novos Estudos - CEBRAP; (87); 115-129","Novos Estudos - CEBRAP","Português","2010","http://www.scielo.br/scielo.php?script=sci_arttext&pid=S0101-33002010000200007&lang=pt" 
"S1851-49792010000100002-arg","Geomorfología y dinámica del Canal San Blas, provincia de Buenos Aires (Argentina)","Cuadrado, Diana G., Gómez, Eduardo A.","Latin American journal of sedimentology and basin analysis; 17(1); 3-16","Latin American journal of sedimentology and basin analysis","Espanhol","2010","http://www.scielo.org.ar/scielo.php?script=sci_arttext&pid=S1851-49792010000100002&lang=pt" 
"S1851-49792010000100003-arg","Estructuras de deformación (¿sismitas?) en la Formación Río Negro, provincia de Río Negro, Argentina","Schillizzi, Roberto, Luna, Liliana, Falco, Juan Ignacio","Latin American journal of sedimentology and basin analysis; 17(1); 17-32","Latin American journal of sedimentology and basin analysis","Espanhol","2010","http://www.scielo.org.ar/scielo.php?script=sci_arttext&pid=S1851-49792010000100003&lang=pt" 
"S1851-49792010000100004-arg","Sismoestratigrafia y evolución geomorfológica del talud continental adyacente al litoral del este bonaerense, Argentina","Violante, Roberto A., Paterlini, C. Marcelo, Costa, I. Pastor, Hernández-Molina, F. Javier, Segovia, Laura M., Cavallotto, José Luis, Marcolini, Susana, Bozzano, Graziella, Laprida, Cecilia, García Chapori, Natalia, Bickert, Torsten, Spieß, Volkhard","Latin American journal of sedimentology and basin analysis; 17(1); 33-62","Latin American journal of sedimentology and basin analysis","Espanhol","2010","http://www.scielo.org.ar/scielo.php?script=sci_arttext&pid=S1851-49792010000100004&lang=pt" 
"S1851-49792010000100001-arg","Editorial","Veiga, Gonzalo D., Tripaldi, Alfonsina","Latin American journal of sedimentology and basin analysis; 17(1); 1-2","Latin American journal of sedimentology and basin analysis","Inglês","2010","http://www.scielo.org.ar/scielo.php?script=sci_arttext&pid=S1851-49792010000100001&lang=pt" 
"S1810-634X2010000300001-per","2011 Año Internacional de la Química","Sosa Masgo, Flor de María","Revista de la Sociedad Química del Perú; 76(3); 197-198","Revista de la Sociedad Química del Perú","Espanhol","2010","http://www.scielo.org.pe/scielo.php?script=sci_arttext&pid=S1810-634X2010000300001&lang=pt" 
"S1810-634X2010000300002-per","Sensores basados en óxido de Fe dopados con Ag para la detección de sulfuro de hidrógeno","Picasso, Gino, Sun Kou, María del Rosario, Aguilar, Yennyfert, López, Alcídez, Arruebo, Manuel","Revista de la Sociedad Química del Perú; 76(3); 199-217","Revista de la Sociedad Química del Perú","Espanhol","2010","http://www.scielo.org.pe/scielo.php?script=sci_arttext&pid=S1810-634X2010000300002&lang=pt" 
"S1810-634X2010000300005-per","Evaluación del contenido de fitoesteroles, compuestos fenólicos y métodos químicos para determinar la actividad antioxidante en semilla de sacha inchi (Plukenetia volubilis L.)","Muñoz Jáuregui, Ana, Ramos Escudero, Fernando, Ortiz-Ureta, Carlos Alvarado, Castañeda Castañeda, Benjamín, Barnett Mendoza, Edy, Yáñez Farfán, Jaime, Cajaleón Asencios, Delia","Revista de la Sociedad Química del Perú; 76(3); 234-241","Revista de la Sociedad Química del Perú","Espanhol","2010","http://www.scielo.org.pe/scielo.php?script=sci_arttext&pid=S1810-634X2010000300005&lang=pt" 
"S1810-634X2010000300006-per","Análisis por espectroscopía UV y FTIR de macerados acuosos y alcohólicos de Aloe vera L. y Aloe barbadensis Miller. Interacción con sales inorgánicas","Saavedra Nizama, Félix, Ale Borja, Neptalí, Gordillo Rocha, Gloria, Apesteguía Infante, Alfonso, Jurado Teixeira, Bertha, Revilla Casalino, Andrés","Revista de la Sociedad Química del Perú; 76(3); 242-260","Revista de la Sociedad Química del Perú","Espanhol","2010","http://www.scielo.org.pe/scielo.php?script=sci_arttext&pid=S1810-634X2010000300006&lang=pt" 
"S1810-634X2010000300010-per","Paper electrophoretic technique in the study of beryllium(II) / cobalt(II) - proline binary complexes in solution","Bhushan Tewari, Brij","Revista de la Sociedad Química del Perú; 76(3); 293-301","Revista de la Sociedad Química del Perú","Inglês","2010","http://www.scielo.org.pe/scielo.php?script=sci_arttext&pid=S1810-634X2010000300010&lang=pt" 
"S1810-634X2010000300011-per","Carlos Chirinos Villanueva: Un impulsor de la Ciencia y Tecnología en el Perú","Lock, Olga","Revista de la Sociedad Química del Perú; 76(3); 302-304","Revista de la Sociedad Química del Perú","Espanhol","2010","http://www.scielo.org.pe/scielo.php?script=sci_arttext&pid=S1810-634X2010000300011&lang=pt" 
"S1810-634X2010000300003-per","Algunas propiedades cinéticas de una L-aminoácido oxidasa purificada del veneno de la serpiente peruana Bothrops atrox &quot;Jergón&quot;","Ruiz, Nora, Solís, Christian, Sandoval, Gustavo A., Lazo, Fanny, Rodríguez, Edith, Yarlequé, Armando","Revista de la Sociedad Química del Perú; 76(3); 218-226","Revista de la Sociedad Química del Perú","Espanhol","2010","http://www.scielo.org.pe/scielo.php?script=sci_arttext&pid=S1810-634X2010000300003&lang=pt" 
"S1810-634X2010000300009-per","Cinética de la bioadsorción de iones cadmio (II) y plomo (II) de soluciones acuosas por biomasa residual de café (Coffea arabica L.)","Pacheco Tanaka, Myriam Eugenia, Pimentel Frisancho, Jorge Paúl, Roque Villanueva, Wilfredo Fernando","Revista de la Sociedad Química del Perú; 76(3); 279-292","Revista de la Sociedad Química del Perú","Espanhol","2010","http://www.scielo.org.pe/scielo.php?script=sci_arttext&pid=S1810-634X2010000300009&lang=pt" 
"S1810-634X2010000300004-per","Efecto de la asistencia del líquido iónico [BMIM][BF4] en la cristalinidad y la morfología de nanoestructuras de Sb2S3 sintetizadas por ultrasonido","Salinas Estevane, Juan Pablo, Sánchez Cervantes, Eduardo Maximiano","Revista de la Sociedad Química del Perú; 76(3); 227-233","Revista de la Sociedad Química del Perú","Espanhol","2010","http://www.scielo.org.pe/scielo.php?script=sci_arttext&pid=S1810-634X2010000300004&lang=pt" 
"S1810-634X2010000300008-per","Contenido de alcaloides en corteza de Uncaria tomentosa (Wild.) DC procedente de diferentes hábitats de la región Ucayali - Perú","Domínguez Torrejón, Gilberto, García Martín, Juan de Jesús, Guzmán Loayza, Deysi, Alanoca, Rosa","Revista de la Sociedad Química del Perú; 76(3); 271-278","Revista de la Sociedad Química del Perú","Espanhol","2010","http://www.scielo.org.pe/scielo.php?script=sci_arttext&pid=S1810-634X2010000300008&lang=pt" 
"S1810-634X2010000300007-per","Barnetobina: un nuevo principio coagulante purificado del veneno de la serpiente peruana Bothrops barnetti","Vivas Ruiz, Dan, Inga Arellano, Rosalina, Mendoza Fernández, Julio, Lazo Manrique, Fanny, Yarlequé Chocas, Amando","Revista de la Sociedad Química del Perú; 76(3); 261-270","Revista de la Sociedad Química del Perú","Espanhol","2010","http://www.scielo.org.pe/scielo.php?script=sci_arttext&pid=S1810-634X2010000300007&lang=pt" 
"S0121-56122010000200004-col","Migración, codesarrollo y capital social: Lineamientos para una estrategia de integración de dos mundos","RoLL, David, LeaL-Castro, Diego","Colombia Internacional; (72); 87-108","Colombia Internacional","Espanhol","2010","http://www.scielo.org.co/scielo.php?script=sci_arttext&pid=S0121-56122010000200004&lang=pt" 
"S0121-56122010000200005-col","LA CIENCIA POLÍTICA, CIENCIA NOÉTICA DEL ORDEN: UNA MIRADA CRÍTICA SOBRE SU &quot;OBJETO&quot; DE ESTUDIO","Cárdenas Támara, Felipe, Suárez Rozo, Luisa Fernanda","Colombia Internacional; (72); 111-132","Colombia Internacional","Espanhol","2010","http://www.scielo.org.co/scielo.php?script=sci_arttext&pid=S0121-56122010000200005&lang=pt" 
"S0121-56122010000200001-col","LAS SUPERVIVENCIAS Y AVERSIONES DE LOS REVOLUCIONARIOS COLOMBIANOS: PREFERENCIAS ESTRATÉGICAS DE GRUPOS GUERRILLEROS ANTE LA POSIBILIDAD DE NEGOCIAR LA PAZ","Chinchilla, Fernando A.","Colombia Internacional; (72); 5-27","Colombia Internacional","Espanhol","2010","http://www.scielo.org.co/scielo.php?script=sci_arttext&pid=S0121-56122010000200001&lang=pt" 
"S0121-56122010000200002-col","EL MULTILATERALISMO ESTRATÉGICO EN LA POLÍTICA EXTERIOR DE CHINA ESTUDIOS DE CASO: EL FORO REGIONAL DE ASEAN Y LA DISPUTA POR LAS ISLAS SPRATLY","Rubiolo, María Florencia","Colombia Internacional; (72); 29-52","Colombia Internacional","Espanhol","2010","http://www.scielo.org.co/scielo.php?script=sci_arttext&pid=S0121-56122010000200002&lang=pt" 
"S0121-56122010000200003-col","EL PROBLEMA DEL PROCESAMIENTO DE INFORMACIÓN EN LA SELECCIÓN DE TUTELAS POR LA CORTE CONSTITUCIONAL, CON ESPECIAL ATENCIÓN AL PAPEL DE LAS INSISTENCIAS","Jaramillo Sierra, Isabel Cristina, Barreto Rozo, Antonio","Colombia Internacional; (72); 53-86","Colombia Internacional","Espanhol","2010","http://www.scielo.org.co/scielo.php?script=sci_arttext&pid=S0121-56122010000200003&lang=pt" 
"S0121-43812010000200008-col","RECONOCIMIENTO Y MANEJO DEL DISTRESS, SUFRIMIENTO Y DOLOR EN ANIMALES DE LABORATORIO: UNA REVISIÓN","Góngora Medina, Manuel","Suma Psicológica; 17(2); 195-200","Suma Psicológica","Espanhol","2010","http://www.scielo.org.co/scielo.php?script=sci_arttext&pid=S0121-43812010000200008&lang=pt" 
"S0121-43812010000200009-col","PATRONES DE ALIMENTACIÓN, SUEÑO Y ACTIVIDAD REPRODUCTIVA EN JERBOS DE MONGOLIA (Meriones unguiculatus)","Flórez-Acevedo, Stefani, Sarmiento, Nora, Martínez, Gladys S.","Suma Psicológica; 17(2); 201-208","Suma Psicológica","Espanhol","2010","http://www.scielo.org.co/scielo.php?script=sci_arttext&pid=S0121-43812010000200009&lang=pt" 
"S0121-43812010000200002-col","EFFECTS OF FREE-FOOD AND CONTINUOUS REINFORCEMENT SCHEDULE PRESENTATION ON LEVER PRESSING FOR FOOD BY RATS","Avila, Raul, Gonzalez, Juan C, Miranda, Patricia","Suma Psicológica; 17(2); 125-134","Suma Psicológica","Inglês","2010","http://www.scielo.org.co/scielo.php?script=sci_arttext&pid=S0121-43812010000200002&lang=pt" 
"S0121-43812010000200003-col","HIPERMNESIA Y REMINISCENCIA: DOS FENÓMENOS DE RECUPERACIÓN INCREMENTAL DE INFORMACIÓN DE LA MEMORIA","Cuevas Remigio, Luis Fernando","Suma Psicológica; 17(2); 135-150","Suma Psicológica","Espanhol","2010","http://www.scielo.org.co/scielo.php?script=sci_arttext&pid=S0121-43812010000200003&lang=pt" 
"S0121-43812010000200001-col","APROXIMACIONES TEÓRICAS AL ESTUDIO DEL CONTRASTE SUCESIVO NEGATIVO CONSUMATORIO","Justel, Nadia, Ruetti, Eliana, Mustaca, Alba","Suma Psicológica; 17(2); 111-123","Suma Psicológica","Espanhol","2010","http://www.scielo.org.co/scielo.php?script=sci_arttext&pid=S0121-43812010000200001&lang=pt" 
"S0121-43812010000200006-col","ACTITUDES SOCIALES HACIA EX RECLUSOS: UN ESTUDIO EXPLORATORIO","Ruiz, José Ignacio","Suma Psicológica; 17(2); 169-177","Suma Psicológica","Espanhol","2010","http://www.scielo.org.co/scielo.php?script=sci_arttext&pid=S0121-43812010000200006&lang=pt" 
"S0121-43812010000200007-col","CRITICAL REVIEW OF EMPIRICAL RESEARCH DEALING WITH THE RELATIONSHIP BETWEEN OPTIMISTIC TENDENCIES AND HIV RELATED BEHAVIORS","Santillán Torres Torija, Carolina, Hernández-Pozo, María del Rocío","Suma Psicológica; 17(2); 178-191","Suma Psicológica","Inglês","2010","http://www.scielo.org.co/scielo.php?script=sci_arttext&pid=S0121-43812010000200007&lang=pt" 
"S0121-43812010000200004-col","ESTRUCTURA FACTORIAL Y CONSISTENCIA INTERNA DE LA ESCALA MESSY (VERSIÓN DOCENTE) EN UNA MUESTRA DE NIÑOS ARGENTINOS","Ipiña, María Julia, Molina, Leonardo, Reyna, Cecilia","Suma Psicológica; 17(2); 151-161","Suma Psicológica","Espanhol","2010","http://www.scielo.org.co/scielo.php?script=sci_arttext&pid=S0121-43812010000200004&lang=pt" 
"S0121-43812010000200005-col","DIFERENCIAS EN EL MIEDO REPORTADO POR NIÑOS Y NIÑAS DE 9 A 12 AÑOS DE EDAD","Reyes Pérez, Verónica, Reidl Martínez, Lucy María","Suma Psicológica; 17(2); 163-168","Suma Psicológica","Espanhol","2010","http://www.scielo.org.co/scielo.php?script=sci_arttext&pid=S0121-43812010000200005&lang=pt" 
"S0120-87482010000300003-col","Cefalea por uso excesivo de medicamentos y adicción a sustancias","Rueda-Sánchez, Mauricio, Campo-Arias, Adalberto","Acta Neurológica Colombiana; 26(3); 142-148","Acta Neurológica Colombiana","Espanhol","2010","http://www.scielo.org.co/scielo.php?script=sci_arttext&pid=S0120-87482010000300003&lang=pt" 
"S0120-87482010000300002-col","Desempeño diagnóstico del cuestionario lista de síntomas del DSM IV para el tamizaje del trastorno de hiperactividad con éficit de atención (TDAH) en niños y adolescentes escolares","Cornejo Ochoa, William, Sánchez Mosquera, Yaneth, Gómez Navas, María del Pilar, Ossio, Óscar Horacio","Acta Neurológica Colombiana; 26(3); 133-141","Acta Neurológica Colombiana","Espanhol","2010","http://www.scielo.org.co/scielo.php?script=sci_arttext&pid=S0120-87482010000300002&lang=pt" 
"S0120-87482010000300001-col","Síndrome de Encefalopatía posterior reversible, ¿Siempre reversible ?","González Manrique, Guillermo","Acta Neurológica Colombiana; 26(3); 173-175","Acta Neurológica Colombiana","Espanhol","2010","http://www.scielo.org.co/scielo.php?script=sci_arttext&pid=S0120-87482010000300001&lang=pt" 
"S0120-87482010000300006-col","Neuropatía autonómica periférica aguda","Montes G, María Isabel","Acta Neurológica Colombiana; 26(3); 161-165","Acta Neurológica Colombiana","Espanhol","2010","http://www.scielo.org.co/scielo.php?script=sci_arttext&pid=S0120-87482010000300006&lang=pt" 
"S0120-87482010000300005-col","Potenciales evocados en dos casos de esquizencefalia de borde abierto","Tamayo-Orrego, Lukas, Moscoso Ariza, Óscar H, Restrepo, Francia","Acta Neurológica Colombiana; 26(3); 155-160","Acta Neurológica Colombiana","Espanhol","2010","http://www.scielo.org.co/scielo.php?script=sci_arttext&pid=S0120-87482010000300005&lang=pt" 
"S0120-87482010000300004-col","Abscesos cerebrales por Nocardia spp en paciente inmunocompetente","García Roldán, Nicolás, Chater Cure, George, Peña Quiñones, Germán, Hakim, Fernando","Acta Neurológica Colombiana; 26(3); 149-154","Acta Neurológica Colombiana","Espanhol","2010","http://www.scielo.org.co/scielo.php?script=sci_arttext&pid=S0120-87482010000300004&lang=pt" 
"S0074-02762010000400003-scl","The contributions of the Genome Project to the study of schistosomiasis","Zerlotini, Adhemar, Oliveira, Guilherme","Memórias do Instituto Oswaldo Cruz; 105(4); 367-369","Memórias do Instituto Oswaldo Cruz","Inglês","2010","http://www.scielo.br/scielo.php?script=sci_arttext&pid=S0074-02762010000400003&lang=pt" 
"S1688-12732010000100002-ury","COMENTARIO EDITORIAL","Ayala, Walter","Anestesia Analgesia Reanimación; 23(1); 4-4","Anestesia Analgesia Reanimación","Espanhol","2010","http://www.scielo.edu.uy/scielo.php?script=sci_arttext&pid=S1688-12732010000100002&lang=pt" 
"S1688-12732010000100001-ury","EDITORIAL","","Anestesia Analgesia Reanimación; 23(1); 3-3","Anestesia Analgesia Reanimación","Espanhol","2010","http://www.scielo.edu.uy/scielo.php?script=sci_arttext&pid=S1688-12732010000100001&lang=pt" 
"S1017-04992010000300005-sza","Celebrating communal authorship: The Theological Declaration of the Belydende Kring (1979) and the Belhar Confession","Kritzinger, Klippies","Studia Historiae Ecclesiasticae; 36(); 1-13","Studia Historiae Ecclesiasticae","Inglês","2010","http://www.scielo.org.za/scielo.php?script=sci_arttext&pid=S1017-04992010000300005&lang=pt" 
"S1017-04992010000300004-sza","Is Ruth the &#039;ēšet hayil for real? An exploration of womanhood from African proverbs to the threshing floor (Ruth 3:1-13)","Masenya, Madipoane","Studia Historiae Ecclesiasticae; 36(); 1-21","Studia Historiae Ecclesiasticae","Inglês","2010","http://www.scielo.org.za/scielo.php?script=sci_arttext&pid=S1017-04992010000300004&lang=pt" 
"S1017-04992010000300001-sza","Impact of new policy developments in higher education on theological education","Farisani, Elelwani","Studia Historiae Ecclesiasticae; 36(); 1-10","Studia Historiae Ecclesiasticae","Inglês","2010","http://www.scielo.org.za/scielo.php?script=sci_arttext&pid=S1017-04992010000300001&lang=pt" 
"S1017-04992010000300003-sza","Karl Barth&#039;s contribution to the German Church struggle against National Socialism","Dolamo, Ramathate","Studia Historiae Ecclesiasticae; 36(); 1-19","Studia Historiae Ecclesiasticae","Inglês","2010","http://www.scielo.org.za/scielo.php?script=sci_arttext&pid=S1017-04992010000300003&lang=pt" 
"S1017-04992010000300002-sza","&quot;Direct experience of God&quot;: A quest for refinement and illumination in Christian faith and practice","Slater, Jennifer","Studia Historiae Ecclesiasticae; 36(); 1-15","Studia Historiae Ecclesiasticae","Inglês","2010","http://www.scielo.org.za/scielo.php?script=sci_arttext&pid=S1017-04992010000300002&lang=pt" 
"S0120-00112010000300004-col","RELACIONES ENTRE LAS DIFICULTADES DEL LENGUAJE ORAL A LOS 5 Y 6 AÑOS Y LOS PROCESOS DE LECTURA A LOS 8 Y 9 AÑOS","Lara-Díaz, María Fernanda, Gómez-Fonseca, Ángela María, García, Milena, Niño, Lina, Guerrero, Yeison","Revista de la Facultad de Medicina; 58(3); 191-203","Revista de la Facultad de Medicina","Espanhol","2010","http://www.scielo.org.co/scielo.php?script=sci_arttext&pid=S0120-00112010000300004&lang=pt" 
"S0120-00112010000300005-col","INVESTIGACIÓN CLÍNICA EN FONOAUDIOLOGÍA: ANÁLISIS DE LA LITERATURA CIENTÍFICA 2005-2009","Hernández-Jaramillo, Janeth, Cruz-Velandia, Israel, Torres-Narváez, Martha","Revista de la Facultad de Medicina; 58(3); 204-213","Revista de la Facultad de Medicina","Espanhol","2010","http://www.scielo.org.co/scielo.php?script=sci_arttext&pid=S0120-00112010000300005&lang=pt" 
"S0120-00112010000300006-col","ESTUDIO ANATÓMICO DE LA RAMA SUPERFICIAL DEL NERVIO RADIAL. IMPLICACIONES QUIRÚRGICAS","Vergara-Amador, Enrique, Luis Nieto, José","Revista de la Facultad de Medicina; 58(3); 214-220","Revista de la Facultad de Medicina","Espanhol","2010","http://www.scielo.org.co/scielo.php?script=sci_arttext&pid=S0120-00112010000300006&lang=pt" 
"S0120-00112010000300007-col","MECANISMOS CELULARES EN RESPUESTA AL ESTRÉS:: SIRTUINAS","Echeverri-Ruíz, Nancy Paola, Mockus-Sivickas, Ismena","Revista de la Facultad de Medicina; 58(3); 221-232","Revista de la Facultad de Medicina","Espanhol","2010","http://www.scielo.org.co/scielo.php?script=sci_arttext&pid=S0120-00112010000300007&lang=pt" 
"S0120-00112010000300001-col","Mortalidad materna y salud pública: décadas pérdidas","Cortés Díaz, Daniel","Revista de la Facultad de Medicina; 58(3); 167-171","Revista de la Facultad de Medicina","Espanhol","2010","http://www.scielo.org.co/scielo.php?script=sci_arttext&pid=S0120-00112010000300001&lang=pt" 
"S0120-00112010000300002-col","VALIDEZ DE LA ESTIMACIÓN VISUAL COMO MÉTODO DIAGNÓSTICO DE LA HEMORRAGIA POSTPARTO SEVERA EN UN HOSPITAL UNIVERSITARIO. BOGOTÁ. 2007","Rubio-Romero, Jorge Andrés, Guevara-Cruz, Óscar A, Gaitán-Duarte, Hernando","Revista de la Facultad de Medicina; 58(3); 173-184","Revista de la Facultad de Medicina","Espanhol","2010","http://www.scielo.org.co/scielo.php?script=sci_arttext&pid=S0120-00112010000300002&lang=pt" 
"S0120-00112010000300003-col","ANÁLISIS MUTACIONAL DE LA ACONDROPLASIA EN 20 PACIENTES COLOMBIANOS","Castro, Ángela, Gutiérrez, Andrés, Rodríguez, Luisa Fernanda, Tatiana, Pineda, Velasco, Harvy, Arteaga, Clara, Sotomayor, Hugo, Giraldo, Alejandro","Revista de la Facultad de Medicina; 58(3); 185-190","Revista de la Facultad de Medicina","Espanhol","2010","http://www.scielo.org.co/scielo.php?script=sci_arttext&pid=S0120-00112010000300003&lang=pt" 
"S0120-00112010000300008-col","DOBLE CONDUCTO CÍSTICO EN VESÍCULA BILIAR ÚNICA: HALLAZGO QUIRÚRGICO","Enríquez-Domínguez, Lenin, Díaz-Rosales, Juan de Dios, Rivas-Serna, Juan","Revista de la Facultad de Medicina; 58(3); 233-235","Revista de la Facultad de Medicina","Espanhol","2010","http://www.scielo.org.co/scielo.php?script=sci_arttext&pid=S0120-00112010000300008&lang=pt" 
"S0120-00112010000300009-col","LEUCEMIAS Y RADIACIÓN: JUICIO CAUSAL SEGÚN LOS CRITERIOS DE SIR AUSTIN BRADFORD HILL","Martínez Betancur, Octavio","Revista de la Facultad de Medicina; 58(3); 236-249","Revista de la Facultad de Medicina","Espanhol","2010","http://www.scielo.org.co/scielo.php?script=sci_arttext&pid=S0120-00112010000300009&lang=pt" 
"S0874-20492010000200006-prt","Preditores emocionais e sociais da aceitação pelos pares em crianças de idade escolar","Alves, Diana Rute Pereira, Cruz, Orlanda","Psicologia; 24(2); 113-129","Psicologia","Português","2010","http://www.scielo.mec.pt/scielo.php?script=sci_arttext&pid=S0874-20492010000200006&lang=pt" 
"S0874-20492010000200010-prt","Avaliação da qualidade do planeamento do modelo de avaliação e intervenção familiar integrada para os centros de apoio familiar e de aconselhamento parental","Melo, Ana, Alarcão, Madalena","Psicologia; 24(2); 197-218","Psicologia","Português","2010","http://www.scielo.mec.pt/scielo.php?script=sci_arttext&pid=S0874-20492010000200010&lang=pt" 
"S0874-20492010000200003-prt","Haverá diferenças individuais na capacidade para detectar a mentira e a honestidade nos outros?","Rodrigues, Andreia, Arriaga, Patrícia","Psicologia; 24(2); 43-60","Psicologia","Português","2010","http://www.scielo.mec.pt/scielo.php?script=sci_arttext&pid=S0874-20492010000200003&lang=pt" 
"S0874-20492010000200009-prt","Tráfico de mulheres brasileiras para fins de exploração sexual em portugal e interseccionalidade: um estudo de caso","Neves, Sofia","Psicologia; 24(2); 177-196","Psicologia","Português","2010","http://www.scielo.mec.pt/scielo.php?script=sci_arttext&pid=S0874-20492010000200009&lang=pt" 
"S0874-20492010000200005-prt","Emotional responses (verbal and psychophysiological) to pictures of food stimuli","Esteves, Francisco, Arriaga, Patrícia, Carneiro, Paula, Flykt, Anders","Psicologia; 24(2); 89-111","Psicologia","Inglês","2010","http://www.scielo.mec.pt/scielo.php?script=sci_arttext&pid=S0874-20492010000200005&lang=pt" 
"S0874-20492010000200002-prt","Emoções e expressão facial: novos desafios","Sousa, Cristina de","Psicologia; 24(2); 17-41","Psicologia","Português","2010","http://www.scielo.mec.pt/scielo.php?script=sci_arttext&pid=S0874-20492010000200002&lang=pt" 
"S0874-20492010000200004-prt","Impacto da expressão facial na percepção de tempo: papel da valência e da activação (arousal)","Fernandes, Alexandre, Garcia-Marques, Teresa","Psicologia; 24(2); 61-88","Psicologia","Português","2010","http://www.scielo.mec.pt/scielo.php?script=sci_arttext&pid=S0874-20492010000200004&lang=pt" 
"S0874-20492010000200007-prt","The evolving empathy: hardwired bases of human and non-human primate empathy","Castro, Rita de, Gaspar, Augusta, Vicente, Luís","Psicologia; 24(2); 131-152","Psicologia","Inglês","2010","http://www.scielo.mec.pt/scielo.php?script=sci_arttext&pid=S0874-20492010000200007&lang=pt" 
"S0874-20492010000200008-prt","Subsídios para o estudo do impacto do ensino superior no pensamento dos alunos: um estudo realizado na universidade de coimbra","Martins, Emília da Conceição Figueiredo","Psicologia; 24(2); 155-175","Psicologia","Português","2010","http://www.scielo.mec.pt/scielo.php?script=sci_arttext&pid=S0874-20492010000200008&lang=pt" 
"S0874-20492010000200001-prt","Introduction - moving emotion forward: from the ubiquity of emotion in mental processes to rewinding its origins","Esteves, Francisco, Arriaga, Patricia, Gaspar, Augusta","Psicologia; 24(2); 11-16","Psicologia","Inglês","2010","http://www.scielo.mec.pt/scielo.php?script=sci_arttext&pid=S0874-20492010000200001&lang=pt" 
"S0001-60022010000300001-cri","El mejor Presidente de la República","Vargas Araya, Armando","Acta Médica Costarricense; 52(3); 132-133","Acta Médica Costarricense","Espanhol","2010","http://www.scielo.sa.cr/scielo.php?script=sci_arttext&pid=S0001-60022010000300001&lang=pt" 
"S0001-60022010000300003-cri","Avances en el desarrollo de las vacunas neumocócicas conjugadas","Chan-Acón, Wendy, Abdelnour, Arturo, Soley-Gutiérrez, Carolina, Arguedas-Mohs, Adriano","Acta Médica Costarricense; 52(3); 137-147","Acta Médica Costarricense","Espanhol","2010","http://www.scielo.sa.cr/scielo.php?script=sci_arttext&pid=S0001-60022010000300003&lang=pt" 
"S0001-60022010000300004-cri","Sensibilidad y especificidad de la prueba de esfuerzo y el estudio de perfusión miocárdica con SESTAMIBI para detección de enfermedad arterial coronaria, en el Hospital San Juan de Dios","Solís-Barquero, Juan Pablo, Tortós-Guzmán, Jaime","Acta Médica Costarricense; 52(3); 148-153","Acta Médica Costarricense","Espanhol","2010","http://www.scielo.sa.cr/scielo.php?script=sci_arttext&pid=S0001-60022010000300004&lang=pt" 
"S0001-60022010000300005-cri","Análisis sobre el uso de exámenes preoperatorios en pacientes sometidas a cirugías programadas en el Servicio de Ginecología del Hospital &quot;Dr. Rafael Ángel Calderón Guardia&quot;, durante 2009","Leal-Mateos, Manrique, Madrigal-Solís, Juan B","Acta Médica Costarricense; 52(3); 154-158","Acta Médica Costarricense","Espanhol","2010","http://www.scielo.sa.cr/scielo.php?script=sci_arttext&pid=S0001-60022010000300005&lang=pt" 
"S0001-60022010000300006-cri","Factores asociados a la infección hospitalaria de la herida operatoria en pacientes de cirugía limpia electiva en el Hospital &quot;Dr. Rafael Ángel Calderón Guardia&quot; de Costa Rica","Guevara-Rodríguez, Moraima, Romero-Zúñiga, Juan José","Acta Médica Costarricense; 52(3); 159-166","Acta Médica Costarricense","Espanhol","2010","http://www.scielo.sa.cr/scielo.php?script=sci_arttext&pid=S0001-60022010000300006&lang=pt" 
"S0001-60022010000300007-cri","Caracterización del uso de antieméticos en el postoperatorio en pacientes adultos sometidos a cirugía durante el periodo enero-mayo 2009, en el Hospital Clínica Bíblica de Costa Rica","Apuy-Roldán, Natalia, Chaverri-Fernández, José Miguel, Monge-Aguilera, Mónica, Zavaleta-Monestel, Esteban","Acta Médica Costarricense; 52(3); 167-172","Acta Médica Costarricense","Espanhol","2010","http://www.scielo.sa.cr/scielo.php?script=sci_arttext&pid=S0001-60022010000300007&lang=pt" 
"S0001-60022010000300008-cri","Propuesta de un sistema de estadiaje de tumores de mediastino: A Proposal","Salazar-Vargas, Carlos, Araya-Castro, Pablo, Rodríguez-Jiménez, Lidia, Umaña-Umaña, Rafael A","Acta Médica Costarricense; 52(3); 173-176","Acta Médica Costarricense","Espanhol","2010","http://www.scielo.sa.cr/scielo.php?script=sci_arttext&pid=S0001-60022010000300008&lang=pt" 
"S0001-60022010000300009-cri","Enfermedad por Hemoglobina H: primer caso de la variante de hemoglobina H tipo (-α3.7/ --SEA) en Costa Rica.","Cartín-Sánchez, Walter, Valverde-Muñoz, Kathia, Suárez-Vargas, Carlos, López-Villegas, Jorge","Acta Médica Costarricense; 52(3); 177-179","Acta Médica Costarricense","Espanhol","2010","http://www.scielo.sa.cr/scielo.php?script=sci_arttext&pid=S0001-60022010000300009&lang=pt" 
"S0001-60022010000300010-cri","Cartas al editor","","Acta Médica Costarricense; 52(3); 180-181","Acta Médica Costarricense","Espanhol","2010","http://www.scielo.sa.cr/scielo.php?script=sci_arttext&pid=S0001-60022010000300010&lang=pt" 
"S0001-60022010000300011-cri","Investigación Costarricense en Revistas Extranjeras","","Acta Médica Costarricense; 52(3); 182-183","Acta Médica Costarricense","Espanhol","2010","http://www.scielo.sa.cr/scielo.php?script=sci_arttext&pid=S0001-60022010000300011&lang=pt" 
"S0001-60022010000300002-cri","Uso de animales de experimentación en la investigación biomédica en Costa Rica","Granados-Zúñiga, Jorge","Acta Médica Costarricense; 52(3); 134-136","Acta Médica Costarricense","Espanhol","2010","http://www.scielo.sa.cr/scielo.php?script=sci_arttext&pid=S0001-60022010000300002&lang=pt" 
"S1688-12732010000100003-ury","Experiencia en la Unidad Bi-Institucional de Trasplante Hepático en Uruguay","Grünberg, Gustavo, Rando, Karina, Zunini, Graciela","Anestesia Analgesia Reanimación; 23(1); 6-13","Anestesia Analgesia Reanimación","Espanhol","2010","http://www.scielo.edu.uy/scielo.php?script=sci_arttext&pid=S1688-12732010000100003&lang=pt" 
"S1688-12732010000100006-ury","Dispositivos supraglóticos","Barrios, Jorge, Krapienis Barrios, Laura","Anestesia Analgesia Reanimación; 23(1); 30-45","Anestesia Analgesia Reanimación","Espanhol","2010","http://www.scielo.edu.uy/scielo.php?script=sci_arttext&pid=S1688-12732010000100006&lang=pt" 
"S1688-12732010000100004-ury","¿¿Suspender o no a un paciente hipertenso sometido a cirugía de coordinación?","Pollini, Silvana, Cordobéz, Juan, Sarasúa, Diego","Anestesia Analgesia Reanimación; 23(1); 14-25","Anestesia Analgesia Reanimación","Espanhol","2010","http://www.scielo.edu.uy/scielo.php?script=sci_arttext&pid=S1688-12732010000100004&lang=pt" 
"S1688-12732010000100005-ury","Radiofrecuencia pulsada del Ganglio de Gasser en neuralgia intratable pos-infección herpética","","Anestesia Analgesia Reanimación; 23(1); 26-29","Anestesia Analgesia Reanimación","Espanhol","2010","http://www.scielo.edu.uy/scielo.php?script=sci_arttext&pid=S1688-12732010000100005&lang=pt" 
"S2145-89872010000200004-col","Julia Uceda: una voz olvidada","Navarrete Navarrete, María Teresa","Perífrasis. Revista de Literatura, Teoría y Crítica; 1(2); 37-48","Perífrasis. Revista de Literatura, Teoría y Crítica","Espanhol","2010","http://www.scielo.org.co/scielo.php?script=sci_arttext&pid=S2145-89872010000200004&lang=pt" 
"S2145-89872010000200007-col","Aproximaciones a la obra ensayística de Jorge Edwards","Vila, María del Pilar","Perífrasis. Revista de Literatura, Teoría y Crítica; 1(2); 82-94","Perífrasis. Revista de Literatura, Teoría y Crítica","Espanhol","2010","http://www.scielo.org.co/scielo.php?script=sci_arttext&pid=S2145-89872010000200007&lang=pt" 
"S2145-89872010000200008-col","La representación grotesca en el anime","Piñón Perales, Francisco","Perífrasis. Revista de Literatura, Teoría y Crítica; 1(2); 95-113","Perífrasis. Revista de Literatura, Teoría y Crítica","Espanhol","2010","http://www.scielo.org.co/scielo.php?script=sci_arttext&pid=S2145-89872010000200008&lang=pt" 
"S2145-89872010000200009-col","Alberdi Vallejo, Alfredo. El mundo al revés. Guaman Poma anticolonialista. Berlín: Wissenschaftlicher Verlag, 2010. 521 pp","Amaya Farías, Fernando","Perífrasis. Revista de Literatura, Teoría y Crítica; 1(2); 114-118","Perífrasis. Revista de Literatura, Teoría y Crítica","Espanhol","2010","http://www.scielo.org.co/scielo.php?script=sci_arttext&pid=S2145-89872010000200009&lang=pt" 
"S2145-89872010000200005-col","La Vorágine del 9 de abril: J. E. Rivera, J.A. Osorio Lizarazo y el Bogotazo","Martínez Pinzón, Felipe","Perífrasis. Revista de Literatura, Teoría y Crítica; 1(2); 49-65","Perífrasis. Revista de Literatura, Teoría y Crítica","Espanhol","2010","http://www.scielo.org.co/scielo.php?script=sci_arttext&pid=S2145-89872010000200005&lang=pt" 
"S2145-89872010000200006-col","Ejes del imaginario simbólico en la novela del primer Carlos Fuentes 1958-1980","García Peña, Lilia Leticia","Perífrasis. Revista de Literatura, Teoría y Crítica; 1(2); 66-81","Perífrasis. Revista de Literatura, Teoría y Crítica","Espanhol","2010","http://www.scielo.org.co/scielo.php?script=sci_arttext&pid=S2145-89872010000200006&lang=pt" 
"S2145-89872010000200001-col","Editorial","Barrero Fajardo, Mario","Perífrasis. Revista de Literatura, Teoría y Crítica; 1(2); 05-06","Perífrasis. Revista de Literatura, Teoría y Crítica","Espanhol","2010","http://www.scielo.org.co/scielo.php?script=sci_arttext&pid=S2145-89872010000200001&lang=pt" 
"S2145-89872010000200003-col","La Chicha y Atahualpa: el encuentro de Cajamarca en la Suma y narración de los Incas de Juan Diez de Betanzos","Reyna, Iván R","Perífrasis. Revista de Literatura, Teoría y Crítica; 1(2); 22-36","Perífrasis. Revista de Literatura, Teoría y Crítica","Espanhol","2010","http://www.scielo.org.co/scielo.php?script=sci_arttext&pid=S2145-89872010000200003&lang=pt" 
"S2145-89872010000200002-col","Los orígenes del grial en la literatura medieval: de Chrétien de Troyes a Robert de Boron","Martín Botero, Mario","Perífrasis. Revista de Literatura, Teoría y Crítica; 1(2); 7-21","Perífrasis. Revista de Literatura, Teoría y Crítica","Espanhol","2010","http://www.scielo.org.co/scielo.php?script=sci_arttext&pid=S2145-89872010000200002&lang=pt" 
"S0365-66912010000700005-esp","Cómo escribir un artículo de investigación en inglés","Minaya Martínez, Francisco","Archivos de la Sociedad Española de Oftalmología; 85(7); 249-249","Archivos de la Sociedad Española de Oftalmología","Espanhol","2010","http://scielo.isciii.es/scielo.php?script=sci_arttext&pid=S0365-66912010000700005&lang=pt" 
"S2225-62532010000700003-sza","The application of the AMIRA P754 metal accounting code in the coal industry","Power, D.P.","Journal of the Southern African Institute of Mining and Metallurgy; 110(7); 347-349","Journal of the Southern African Institute of Mining and Metallurgy","Inglês","2010","http://www.scielo.org.za/scielo.php?script=sci_arttext&pid=S2225-62532010000700003&lang=pt" 
"S2225-62532010000700008-sza","The socio-economic aspects of mine closure and sustainable development: Literature overview and lessons for the socio-economic aspects of closure - Report 1","Stacey, J., Naude, A., Hermanus, M., Frankel, P.","Journal of the Southern African Institute of Mining and Metallurgy; 110(7); 379-394","Journal of the Southern African Institute of Mining and Metallurgy","Inglês","2010","http://www.scielo.org.za/scielo.php?script=sci_arttext&pid=S2225-62532010000700008&lang=pt" 
"S2225-62532010000700009-sza","The socio-economic aspects of mine closure and sustainable development - guideline for the socio-economic aspects of closure: Report 2","Stacey, J., Naude, A., Hermanus, M., Frankel, P.","Journal of the Southern African Institute of Mining and Metallurgy; 110(7); 395-413","Journal of the Southern African Institute of Mining and Metallurgy","Inglês","2010","http://www.scielo.org.za/scielo.php?script=sci_arttext&pid=S2225-62532010000700009&lang=pt" 
"S2225-62532010000700004-sza","Reduced maintenance costs resulting from the use of wear resistant materials","Viljoen, S.D.","Journal of the Southern African Institute of Mining and Metallurgy; 110(7); 351-359","Journal of the Southern African Institute of Mining and Metallurgy","Inglês","2010","http://www.scielo.org.za/scielo.php?script=sci_arttext&pid=S2225-62532010000700004&lang=pt" 
"S2225-62532010000700001-sza","Traditions, transactions, and technology transfer","Robinson, RE","Journal of the Southern African Institute of Mining and Metallurgy; 110(7); 1-3","Journal of the Southern African Institute of Mining and Metallurgy","Inglês","2010","http://www.scielo.org.za/scielo.php?script=sci_arttext&pid=S2225-62532010000700001&lang=pt" 
"S2225-62532010000700005-sza","Coal preparation research in South Africa","de Korte, G.J.","Journal of the Southern African Institute of Mining and Metallurgy; 110(7); 361-364","Journal of the Southern African Institute of Mining and Metallurgy","Inglês","2010","http://www.scielo.org.za/scielo.php?script=sci_arttext&pid=S2225-62532010000700005&lang=pt" 
"S2225-62532010000700002-sza","Process design of the Phola coal preparation plant","Cresswell, G.M.","Journal of the Southern African Institute of Mining and Metallurgy; 110(7); 339-345","Journal of the Southern African Institute of Mining and Metallurgy","Inglês","2010","http://www.scielo.org.za/scielo.php?script=sci_arttext&pid=S2225-62532010000700002&lang=pt" 
"S2225-62532010000700006-sza","Addressing the envelope","Hand, P., Wiseman, D.","Journal of the Southern African Institute of Mining and Metallurgy; 110(7); 365-370","Journal of the Southern African Institute of Mining and Metallurgy","Inglês","2010","http://www.scielo.org.za/scielo.php?script=sci_arttext&pid=S2225-62532010000700006&lang=pt" 
"S2225-62532010000700007-sza","Dual energy X-ray transmission sorting of coal","von Ketelhodt, L., Bergmann, C.","Journal of the Southern African Institute of Mining and Metallurgy; 110(7); 371-378","Journal of the Southern African Institute of Mining and Metallurgy","Inglês","2010","http://www.scielo.org.za/scielo.php?script=sci_arttext&pid=S2225-62532010000700007&lang=pt" 
"S0366-52322010000100014-col","FRESHWATER SHRIMPS OF THE COLOMBIAN TRIBUTARIES OF THE AMAZON AND ORINOCO RIVERS (PALAEMONIDAE, EURYRHYNCHIDAE, SERGESTIDAE)","VALENCIA, DIEGO M., R. CAMPOS, MARTHA","Caldasia; 32(1); 221-234","Caldasia","Inglês","2010","http://www.scielo.org.co/scielo.php?script=sci_arttext&pid=S0366-52322010000100014&lang=pt" 
"S0366-52322010000100011-col","TASAS DE RECAMBIO FLORÍSTICO DE GÉNEROS EN BOSQUES MONTANOS DEL NEOTRÓPICO","LÓPEZ GONZÁLEZ, WILSON, DUQUE M., ÁLVARO J.","Caldasia; 32(1); 175-189","Caldasia","Espanhol","2010","http://www.scielo.org.co/scielo.php?script=sci_arttext&pid=S0366-52322010000100011&lang=pt" 
"S0366-52322010000100010-col","VASCULAR EPIPHYTES IN DRY OAK FORESTS SHOW RESILIENCE TO ANTHROPOGENIC DISTURBANCE, CORDILLERA ORIENTAL, COLOMBIA","HIGUERA, DIEGO, WOLF, JAN H.D.","Caldasia; 32(1); 161-174","Caldasia","Inglês","2010","http://www.scielo.org.co/scielo.php?script=sci_arttext&pid=S0366-52322010000100010&lang=pt" 
"S0366-52322010000100013-col","MURCIÉLAGOS DE UN BOSQUE EN LOS ANDES CENTRALES DE COLOMBIA CON NOTAS SOBRE SU TAXONOMÍA Y DISTRIBUCIÓN","RODRÍGUEZ-POSADA, MIGUEL E.","Caldasia; 32(1); 205-220","Caldasia","Espanhol","2010","http://www.scielo.org.co/scielo.php?script=sci_arttext&pid=S0366-52322010000100013&lang=pt" 
"S0366-52322010000100012-col","A NEW SPECIES OF CAREBARA FROM THE PHILIPPINES WITH NOTES AND COMMENTS ON THE SYSTEMATICS OF THE CAREBARA GENUS GROUP (HYMENOPTERA: FORMICIDAE: MYRMICINAE)","FERNÁNDEZ, FERNANDO","Caldasia; 32(1); 191-203","Caldasia","Inglês","2010","http://www.scielo.org.co/scielo.php?script=sci_arttext&pid=S0366-52322010000100012&lang=pt" 
"S0366-52322010000100002-col","USO DE LAS PLANTAS POR GRUPOS CAMPESINOS EN LA FRANJA TROPICAL DEL PARQUE NACIONAL NATURAL PARAMILLO (CÓRDOBA, COLOMBIA)","ESTUPIÑÁN-GONZÁLEZ, ANA CRISTINA, JIMÉNEZ-ESCOBAR, NÉSTOR DAVID","Caldasia; 32(1); 21-38","Caldasia","Espanhol","2010","http://www.scielo.org.co/scielo.php?script=sci_arttext&pid=S0366-52322010000100002&lang=pt" 
"S0366-52322010000100003-col","DIVERSIDAD FLORÍSTICA Y ESTRUCTURA DE REMANENTES DE BOSQUE ANDINO EN LA ZONA DE AMORTIGUACIÓN DEL PARQUE NACIONAL NATURAL LOS NEVADOS, CORDILLERA CENTRAL COLOMBIANA","ALVEAR, MARCELA, BETANCUR, JULIO, FRANCO-ROSSELLI, PILAR","Caldasia; 32(1); 39-63","Caldasia","Espanhol","2010","http://www.scielo.org.co/scielo.php?script=sci_arttext&pid=S0366-52322010000100003&lang=pt" 
"S0366-52322010000100001-col","PLANTAS USADAS POR UNA COMUNIDAD INDÍGENA COREGUAJE EN LA AMAZONÍA COLOMBIANA","TRUJILLO-C., WILLIAM, CORREA-MÚNERA, MARCO","Caldasia; 32(1); 1-20","Caldasia","Espanhol","2010","http://www.scielo.org.co/scielo.php?script=sci_arttext&pid=S0366-52322010000100001&lang=pt" 
"S0366-52322010000100006-col","A NEW SPECIES OF COLUMNEA (GESNERIACEAE) FROM THE CORDILLERA ORIENTAL OF COLOMBIA","AMAYA-MÁRQUEZ, MARISOL","Caldasia; 32(1); 113-116","Caldasia","Inglês","2010","http://www.scielo.org.co/scielo.php?script=sci_arttext&pid=S0366-52322010000100006&lang=pt" 
"S0366-52322010000100007-col","TAXONOMIC NOVELTIES IN AIPHANES (PALMAE) FROM COLOMBIA AND VENEZUELA","BERNAL, RODRIGO, BORCHSENIUS, FINN","Caldasia; 32(1); 117-127","Caldasia","Inglês","2010","http://www.scielo.org.co/scielo.php?script=sci_arttext&pid=S0366-52322010000100007&lang=pt" 
"S0366-52322010000100004-col","DISTRIBUCIÓN E INVASIÓN DE GRAMÍNEAS C3 Y C4 (POACEAE) EN UN GRADIENTE ALTITUDINAL DE LOS ANDES DE COLOMBIA","GIRALDO-CAÑAS, DIEGO","Caldasia; 32(1); 65-86","Caldasia","Espanhol","2010","http://www.scielo.org.co/scielo.php?script=sci_arttext&pid=S0366-52322010000100004&lang=pt" 
"S0366-52322010000100005-col","CARACTERIZACIÓN DE LA FLORA VASCULAR EN LA MESETA DE SAN FELIPE, PROVINCIA CAMAGÜEY (CUBA), PARA SU CONSERVACIÓN","MARTÍNEZ-QUESADA, EDDY","Caldasia; 32(1); 87-111","Caldasia","Espanhol","2010","http://www.scielo.org.co/scielo.php?script=sci_arttext&pid=S0366-52322010000100005&lang=pt" 
"S0366-52322010000100008-col","DISTRIBUCIÓN ESPACIAL Y TEMPORAL DE LOS TRICÓPTEROS INMADUROS EN LA CUENCA DEL RÍO TOTARE (TOLIMA-COLOMBIA)","VÁSQUEZ-RAMOS, JESÚS MANUEL, RAMÍREZ-DÍAZ, FERNANDO, REINOSO-FLÓREZ, GLADYS, GUEVARA-CARDONA, GIOVANY","Caldasia; 32(1); 129-148","Caldasia","Espanhol","2010","http://www.scielo.org.co/scielo.php?script=sci_arttext&pid=S0366-52322010000100008&lang=pt" 
"S0366-52322010000100009-col","COMPARISON OF DIET AND USE OF BROMELIADS BETWEEN A BROMELICOLOUS AND A BROMELIGENOUS ANURAN AT AN INSELBERG IN THE SOUTHEASTERN OF BRAZIL","PERTEL, WESLEI, TEIXEIRA, ROGÉRIO L., FERREIRA, RODRIGO B.","Caldasia; 32(1); 149-159","Caldasia","Inglês","2010","http://www.scielo.org.co/scielo.php?script=sci_arttext&pid=S0366-52322010000100009&lang=pt" 
"S0122-82852010000100014-col","De frente y sin miedo Diálogos con el Cardenal Darío Castrillón Hoyos","Olano-García, Hernán A.","Palabra Clave; 13(1); 192-193","Palabra Clave","Espanhol","2010","http://www.scielo.org.co/scielo.php?script=sci_arttext&pid=S0122-82852010000100014&lang=pt" 
"S0122-82852010000100015-col","Cine: recetas y símbolos.: Guía para entender el cine sin dejar de disfrutarlo","Arango, Carlos Andrés","Palabra Clave; 13(1); 194-195","Palabra Clave","Espanhol","2010","http://www.scielo.org.co/scielo.php?script=sci_arttext&pid=S0122-82852010000100015&lang=pt" 
"S0122-82852010000100010-col","Gobierno corporativo y comunicación empresarial: ¿Qué papel cumplen los directores de comunicación en España?","Gutiérrez-García, Elena","Palabra Clave; 13(1); 147-160","Palabra Clave","Espanhol","2010","http://www.scielo.org.co/scielo.php?script=sci_arttext&pid=S0122-82852010000100010&lang=pt" 
"S0122-82852010000100011-col","Explorando la invisibilidad de mujeres de diferentes culturas en la sociedad y en los medios de comunicac","Martínez-Lirola, María","Palabra Clave; 13(1); 161-173","Palabra Clave","Espanhol","2010","http://www.scielo.org.co/scielo.php?script=sci_arttext&pid=S0122-82852010000100011&lang=pt" 
"S0122-82852010000100012-col","Aproximación a una teoría de la fiesta del Rey Momo a partir de la triada comunicación, cultura y carnaval","Espinosa-Patrón, Alejandro","Palabra Clave; 13(1); 175-188","Palabra Clave","Espanhol","2010","http://www.scielo.org.co/scielo.php?script=sci_arttext&pid=S0122-82852010000100012&lang=pt" 
"S0122-82852010000100013-col","Fotografía y sociedad","Martínez-Cuervo, Erika","Palabra Clave; 13(1); 191-192","Palabra Clave","Espanhol","2010","http://www.scielo.org.co/scielo.php?script=sci_arttext&pid=S0122-82852010000100013&lang=pt" 
"S0122-82852010000100006-col","La telenovela en el mundo","Medina, Mercedes, Barrón, Leticia","Palabra Clave; 13(1); 77-97","Palabra Clave","Espanhol","2010","http://www.scielo.org.co/scielo.php?script=sci_arttext&pid=S0122-82852010000100006&lang=pt" 
"S0122-82852010000100004-col","Análisis del valor de las empresas informativas","Pérez-Serrano, María José","Palabra Clave; 13(1); 47-58","Palabra Clave","Espanhol","2010","http://www.scielo.org.co/scielo.php?script=sci_arttext&pid=S0122-82852010000100004&lang=pt" 
"S0122-82852010000100007-col","Convergent Mobile News Media: Tranquility Awaiting Eruption?","Westlund, Oscar","Palabra Clave; 13(1); 99-110","Palabra Clave","Inglês","2010","http://www.scielo.org.co/scielo.php?script=sci_arttext&pid=S0122-82852010000100007&lang=pt" 
"S0122-82852010000100005-col","Colombian Media in the XXI Century: The Re-conquest by Foreign Investment","Arango-Forero, Germán, Arango, María Fernanda, Llaña, Laura, Serrano, María Carolina","Palabra Clave; 13(1); 59-76","Palabra Clave","Inglês","2010","http://www.scielo.org.co/scielo.php?script=sci_arttext&pid=S0122-82852010000100005&lang=pt" 
"S0122-82852010000100003-col","The Case of Development Communication: Perspectives, Issues and Trends","Mathew, A.F.","Palabra Clave; 13(1); 31-45","Palabra Clave","Inglês","2010","http://www.scielo.org.co/scielo.php?script=sci_arttext&pid=S0122-82852010000100003&lang=pt" 
"S0122-82852010000100002-col","Consumer Value and Modes of Media Reception: Audience Response to Ryan, a Computer-animated Psycho-realist Documentary and its Own Documentation in Alter Egos","Davis, Charles H., Vladica, Florin","Palabra Clave; 13(1); 13-30","Palabra Clave","Inglês","2010","http://www.scielo.org.co/scielo.php?script=sci_arttext&pid=S0122-82852010000100002&lang=pt" 
"S0122-82852010000100001-col","Economía y gestión de medios","Rivera-Betancur, Jerónimo León","Palabra Clave; 13(1); 7-8","Palabra Clave","Espanhol","2010","http://www.scielo.org.co/scielo.php?script=sci_arttext&pid=S0122-82852010000100001&lang=pt" 
"S0122-82852010000100009-col","Comparativa de modelos en las relaciones Prensa-Estado: Colombia, Italia, Francia, España y Portugal","Sanmartí-Roset, Josep M., Aguado-Guadalupe, Guadalupe, Magallón-Rosa, Raúl","Palabra Clave; 13(1); 127-146","Palabra Clave","Espanhol","2010","http://www.scielo.org.co/scielo.php?script=sci_arttext&pid=S0122-82852010000100009&lang=pt" 
"S0122-82852010000100008-col","Online Video Business Models: YouTube vs. Hulu","Artero, Juan P.","Palabra Clave; 13(1); 111-123","Palabra Clave","Inglês","2010","http://www.scielo.org.co/scielo.php?script=sci_arttext&pid=S0122-82852010000100008&lang=pt" 
"S0002-70142010000200001-arg","Estudio tafonómico de los mamíferos pleistocenos del yacimiento de Playa del Barco (Pehuen Co), provincia de Buenos Aires, Argentina","Tomassini, Rodrigo L, Montalvo, Claudia I, Manera, Teresa, Oliva, Cristian","Ameghiniana; 47(2); 137-152","Ameghiniana","Espanhol","2010","http://www.scielo.org.ar/scielo.php?script=sci_arttext&pid=S0002-70142010000200001&lang=pt" 
"S0002-70142010000200002-arg","Evidencias de la coexistencia de dinosaurios hadrosaurinos y lambeosaurinos en el Maastrichtiano superior de la Península Ibérica (Arén, Huesca, España)","Cruzado-Caballero, Penélope, Ruiz-Omeñaca, José I, Canudo, José I","Ameghiniana; 47(2); 153-164","Ameghiniana","Espanhol","2010","http://www.scielo.org.ar/scielo.php?script=sci_arttext&pid=S0002-70142010000200002&lang=pt" 
"S0002-70142010000200003-arg","Middle-Upper Devonian palynoflora from the Tonono x-1 borehole, Salta Province, northwestern Argentina","Noetinger, Sol","Ameghiniana; 47(2); 165-184","Ameghiniana","Inglês","2010","http://www.scielo.org.ar/scielo.php?script=sci_arttext&pid=S0002-70142010000200003&lang=pt" 
"S0002-70142010000200004-arg","Bivalves from the Triassic-Jurassic transition in northern Spain (Asturias and western Basque-Cantabrian Basin)","Márquez-Aliaga, Ana, Damborenea, Susana, Gómez, Juan José, Goy, Antonio","Ameghiniana; 47(2); 185-205","Ameghiniana","Inglês","2010","http://www.scielo.org.ar/scielo.php?script=sci_arttext&pid=S0002-70142010000200004&lang=pt" 
"S0002-70142010000200005-arg","Molteno ferns: Late Triassic biodiversity in southern Africa: Heidi M. Anderson y John M. Anderson, Strelitzia nº 21 (2008)","Herbst, Rafael","Ameghiniana; 47(2); 206-206","Ameghiniana","Espanhol","2010","http://www.scielo.org.ar/scielo.php?script=sci_arttext&pid=S0002-70142010000200005&lang=pt" 
"S0002-70142010000200006-arg","Early Eocene 40Ar/39Ar age for the Pampa de Jones plant, frog, and insect biota (Huitrera Formation, Neuquén Province, Patagonia, Argentina)","Wilf, Peter, Singer, S, Zamaloa, María del Carmen, Johnson, Kirk R, Cúneo, N. Rubén","Ameghiniana; 47(2); 207-216","Ameghiniana","Inglês","2010","http://www.scielo.org.ar/scielo.php?script=sci_arttext&pid=S0002-70142010000200006&lang=pt" 
"S0002-70142010000200007-arg","Quitinozoos del Floiano (Ordovícico Inferior) del área de Santa Victoria, Cordillera Oriental, noroeste argentino: Sistemática","de La Puente, G. Susana","Ameghiniana; 47(2); 217-238","Ameghiniana","Espanhol","2010","http://www.scielo.org.ar/scielo.php?script=sci_arttext&pid=S0002-70142010000200007&lang=pt" 
"S0002-70142010000200008-arg","Morfología craneana en tigres dientes de sable: alometría, función y filogenia","Prevosti, Francisco J, Turazzini, Guillermo F, Chemusquy, M. Amelia","Ameghiniana; 47(2); 239-256","Ameghiniana","Espanhol","2010","http://www.scielo.org.ar/scielo.php?script=sci_arttext&pid=S0002-70142010000200008&lang=pt" 
"S0002-70142010000200009-arg","Primer registro de microcoprolitos de crustáceos de la Cuenca Neuquina: el icnogénero Palaxius en el Tithoniano de la Formación Vaca Muerta, Mendoza","Kietzmann, Diego A, Palma, Ricardo M","Ameghiniana; 47(2); 257-261","Ameghiniana","Espanhol","2010","http://www.scielo.org.ar/scielo.php?script=sci_arttext&pid=S0002-70142010000200009&lang=pt" 
"S0002-70142010000200010-arg","El continente de Gondwana a través del tiempo: Una introducción a la Geología Histórica por Juan L. Benedetto ISBN 978-987-983132- 7-3. Academia Nacional de Ciencias, 384 págs., 395 ilustr., Córdoba. Impreso en Enero 2010 por Premat Industrias Gráficas S.R.L.","Ramos, Victor A","Ameghiniana; 47(2); 262-262","Ameghiniana","Espanhol","2010","http://www.scielo.org.ar/scielo.php?script=sci_arttext&pid=S0002-70142010000200010&lang=pt" 
"S0002-70142010000200011-arg","Hallazgo de palinofloras pérmicas en la Precordillera de Mendoza: su implicancia estratigráfica","Pérez Loinaze, Valeria, Ciccioli, Patricia L, Limarino, Carlos O, Césari, Silvia N","Ameghiniana; 47(2); 263-269","Ameghiniana","Espanhol","2010","http://www.scielo.org.ar/scielo.php?script=sci_arttext&pid=S0002-70142010000200011&lang=pt" 
"S2007-09342010000200001-mex","Evaluación automatizada de tierras para el cultivo de ajonjolí en relevo a maíz","Camas Gómez, Robertony, Turrent Fernández, Antonio, López Martínez, Jaime, Cadena Iñiguez, Pedro, Villar Sánchez, Bernardo, Magdaleno González, Reynol, Cruz Chávez, Francisco, Cortes Flores, José Isabel","Revista mexicana de ciencias agrícolas; 1(2); 119-131","Revista mexicana de ciencias agrícolas","Espanhol","2010","http://www.scielo.org.mx/scielo.php?script=sci_arttext&pid=S2007-09342010000200001&lang=pt" 
"S2007-09342010000200010-mex","Análisis de mortalidad, producción y adaptabilidad de clones de batata al agrosistema de Piedemonte Llanero","Rodríguez Andrade, Ruth, Correa Assmus, Gustavo, Fournier Ángel, Ricardo","Revista mexicana de ciencias agrícolas; 1(2); 247-256","Revista mexicana de ciencias agrícolas","Espanhol","2010","http://www.scielo.org.mx/scielo.php?script=sci_arttext&pid=S2007-09342010000200010&lang=pt" 
"S2007-09342010000200011-mex","H-66 híbrido de maíz para los valles altos de los estados de México y Tlaxcala","Arellano Vázquez, José Luis, Virgen Vargas, Juan, Avila Perches, Miguel Angel","Revista mexicana de ciencias agrícolas; 1(2); 257-262","Revista mexicana de ciencias agrícolas","Espanhol","2010","http://www.scielo.org.mx/scielo.php?script=sci_arttext&pid=S2007-09342010000200011&lang=pt" 
"S2007-09342010000200012-mex","Banámichi C2004, nueva variedad de trigo cristalino","Camacho-Casas, Miguel Alfonso, Fuentes-Dávila, Guillermo, Figueroa-López, Pedro, Peña-Bautista, Roberto Javier, Chávez-Villalba, Gabriela, Valenzuela-Herrera, Víctor, Félix-Fuentes, José Luis, Mendoza-Lugo, José Alberto","Revista mexicana de ciencias agrícolas; 1(2); 263-268","Revista mexicana de ciencias agrícolas","Espanhol","2010","http://www.scielo.org.mx/scielo.php?script=sci_arttext&pid=S2007-09342010000200012&lang=pt" 
"S2007-09342010000200002-mex","Extracción secuencial y caracterización fisicoquímica de ácidos húmicos en diferentes compost y el efecto sobre trigo","Rodríguez Torres, María Dolores, Venegas González, José, Angoa P, M. V., Montañez Soto, José Luis","Revista mexicana de ciencias agrícolas; 1(2); 133-147","Revista mexicana de ciencias agrícolas","Espanhol","2010","http://www.scielo.org.mx/scielo.php?script=sci_arttext&pid=S2007-09342010000200002&lang=pt" 
"S2007-09342010000200003-mex","Respuesta en rendimiento de híbridos de maíz a diferentes distancias entre surcos y densidades de plantas","Soltero-Díaz, Leonardo, Garay-López, Carlos, Ruiz-Corral, José Ariel","Revista mexicana de ciencias agrícolas; 1(2); 149-158","Revista mexicana de ciencias agrícolas","Espanhol","2010","http://www.scielo.org.mx/scielo.php?script=sci_arttext&pid=S2007-09342010000200003&lang=pt" 
"S2007-09342010000200004-mex","Diversidad genética, patogénica y morfológica del hongo Colletotrichum gloeosporioides (Penz.) de Michoacán, México","Montero Tavera, Víctor, Morales García, José Luciano, González Chavira, Mario Martín, Anaya López, José Luis, Corona Torres, Tarsicio, Gálvez Mariscal, Amanda","Revista mexicana de ciencias agrícolas; 1(2); 159-174","Revista mexicana de ciencias agrícolas","Espanhol","2010","http://www.scielo.org.mx/scielo.php?script=sci_arttext&pid=S2007-09342010000200004&lang=pt" 
"S2007-09342010000200005-mex","Uso del vetiver para la fitorremediación de cromo en lodos residuales de una tenería","Torres Rodríguez, Duilio, Cumana, Adriana, Torrealba, Odalis, Posada, Diana","Revista mexicana de ciencias agrícolas; 1(2); 175-188","Revista mexicana de ciencias agrícolas","Espanhol","2010","http://www.scielo.org.mx/scielo.php?script=sci_arttext&pid=S2007-09342010000200005&lang=pt" 
"S2007-09342010000200006-mex","Obtención de plantas haploides en chile miahuateco (Capsicum annuum L.)","Vélez Torres, Marcelina, Robledo Paz, Alejandrina, Corona Torres, Tarsicio, Aguilar Rincón, Víctor Heber, Ramírez Vallejo, Porfirio, Suárez Espinosa, Javier","Revista mexicana de ciencias agrícolas; 1(2); 189-201","Revista mexicana de ciencias agrícolas","Espanhol","2010","http://www.scielo.org.mx/scielo.php?script=sci_arttext&pid=S2007-09342010000200006&lang=pt" 
"S2007-09342010000200007-mex","Respuesta fisiológica de la semilla chile piquín [Capsicum annuum var. glabriusculum (Dunal) Heiser &amp; Pickersgill] al ácido giberélico e hidrotermia","García Federico, Alfonso, Montes Hernández, Salvador, Rangel Lucio, José Antonio, García Moya, Edmundo, Mendoza Elos, Mariano","Revista mexicana de ciencias agrícolas; 1(2); 203-216","Revista mexicana de ciencias agrícolas","Espanhol","2010","http://www.scielo.org.mx/scielo.php?script=sci_arttext&pid=S2007-09342010000200007&lang=pt" 
"S2007-09342010000200008-mex","Cobertura vegetal, vermicompost y actividad microbiana del suelo en la producción de tomate","Villarreal-Romero, Manuel, Parra-Terraza, Saúl, Sánchez-Peña, Pedro, Hernández-Verdugo, Sergio, Osuna-Enciso, Tomás, Basilio Heredia, José","Revista mexicana de ciencias agrícolas; 1(2); 217-231","Revista mexicana de ciencias agrícolas","Espanhol","2010","http://www.scielo.org.mx/scielo.php?script=sci_arttext&pid=S2007-09342010000200008&lang=pt" 
"S2007-09342010000200009-mex","Fortalecimiento de la competitividad del sector agropecuario en Hidalgo","Ayala Garay, Alma Velia, Sangerman-Jarquín, Dora Ma., Schwentesius de Rindermann, Rita, Damían Huato, Miguel Ángel, Juárez Rivera, Carmen Guadalupe","Revista mexicana de ciencias agrícolas; 1(2); 233-245","Revista mexicana de ciencias agrícolas","Espanhol","2010","http://www.scielo.org.mx/scielo.php?script=sci_arttext&pid=S2007-09342010000200009&lang=pt" 
"S0120-99572010000200009-col","Tumores neuroendocrinos gastroenteropancreáticos","Vargas Martínez, Cristian Camilo, Castaño Llano, Rodrigo","Revista Colombiana de Gastroenterologia; 25(2); 165-176","Revista Colombiana de Gastroenterologia","Inglês, Espanhol","2010","http://www.scielo.org.co/scielo.php?script=sci_arttext&pid=S0120-99572010000200009&lang=pt" 
"S0120-99572010000200008-col","Disección endoscópica submucosa (DES) vs. Resección endoscópica mucosa (REM) en Colombia: En defensa de la REM","Cañadas Garrido, Raúl","Revista Colombiana de Gastroenterologia; 25(2); 158-163","Revista Colombiana de Gastroenterologia","Inglês, Espanhol","2010","http://www.scielo.org.co/scielo.php?script=sci_arttext&pid=S0120-99572010000200008&lang=pt" 
"S0120-99572010000200007-col","Disección endoscópica submucosa (DES) vs. Resección endoscópica mucosa (REM) en Colombia: En defensa de la DES","Ospina Nieto, John","Revista Colombiana de Gastroenterologia; 25(2); 155-157","Revista Colombiana de Gastroenterologia","Inglês, Espanhol","2010","http://www.scielo.org.co/scielo.php?script=sci_arttext&pid=S0120-99572010000200007&lang=pt" 
"S0120-99572010000200006-col","Evolución epidemiológica de la enfermedad ácido péptica en un Centro de endoscopia diagnóstica de Bogotá entre 1993 y 2007","Ángel Arango, Luis Alberto, Gómez Boada, Diego, Villalba Cuadrado, María Paula","Revista Colombiana de Gastroenterologia; 25(2); 139-153","Revista Colombiana de Gastroenterologia","Inglês, Espanhol","2010","http://www.scielo.org.co/scielo.php?script=sci_arttext&pid=S0120-99572010000200006&lang=pt" 
"S0120-99572010000200005-col","Evaluación del manejo interdisciplinario de una serie de 53 pacientes con hepatolitiasis","Castaño, Rodrigo, Matar, Omar, Quintero, Víctor, Hoyos, Sergio, Restrepo, Juan Carlos, Correa, Gonzalo, Sanín, Eugenio, Erebrie, Faruk, Núñez, Edilberto, Calvo, Víctor, García, Luz Helena","Revista Colombiana de Gastroenterologia; 25(2); 128-138","Revista Colombiana de Gastroenterologia","Inglês, Espanhol","2010","http://www.scielo.org.co/scielo.php?script=sci_arttext&pid=S0120-99572010000200005&lang=pt" 
"S0120-99572010000200004-col","Nueva escala simple y rápida para predecir la severidad de pancreatitis aguda","Gómez Zuleta, Martín, Ruiz Lobo, Xiomara, Otero Regino, William","Revista Colombiana de Gastroenterologia; 25(2); 118-127","Revista Colombiana de Gastroenterologia","Inglês, Espanhol","2010","http://www.scielo.org.co/scielo.php?script=sci_arttext&pid=S0120-99572010000200004&lang=pt" 
"S0120-99572010000200003-col","Hallazgos en ileoscopias realizadas en el servicio de endoscopia del Hospital Universitario de Neiva entre 1996 y 2009","Portela Herrán, Gustavo, Díaz Santos, Germán","Revista Colombiana de Gastroenterologia; 25(2); 112-117","Revista Colombiana de Gastroenterologia","Inglês, Espanhol","2010","http://www.scielo.org.co/scielo.php?script=sci_arttext&pid=S0120-99572010000200003&lang=pt" 
"S0120-99572010000200002-col","Prevalencia y características demográficas de la enfermedad inflamatoria intestinal en Cartagena, Colombia","Yepes Barreto, Ismael de Jesús, Carmona, Rafael, Díaz, Fela, Marín-Jiménez, Ignacio","Revista Colombiana de Gastroenterologia; 25(2); 107-111","Revista Colombiana de Gastroenterologia","Inglês, Espanhol","2010","http://www.scielo.org.co/scielo.php?script=sci_arttext&pid=S0120-99572010000200002&lang=pt" 
"S0120-99572010000200001-col","Epidemiología de la enfermedad inflamatoria intestinal: ¿por qué las diferencias entre Norteamérica y Latinoamérica?","Vargas, Rómulo Darío","Revista Colombiana de Gastroenterologia; 25(2); 103-105","Revista Colombiana de Gastroenterologia","Inglês, Espanhol","2010","http://www.scielo.org.co/scielo.php?script=sci_arttext&pid=S0120-99572010000200001&lang=pt" 
"S0120-99572010000200014-col","Tratamiento de pseudoquiste pancreático con drenaje transpapilar por vía endoscópica: reporte de caso","Vargas, Rómulo D, Sepúlveda-Copete, Mauricio, Zuleta, Julio E, Hani, Albis C","Revista Colombiana de Gastroenterologia; 25(2); 215-218","Revista Colombiana de Gastroenterologia","Inglês, Espanhol","2010","http://www.scielo.org.co/scielo.php?script=sci_arttext&pid=S0120-99572010000200014&lang=pt" 
"S0120-99572010000200015-col","De la fisiología del vaciamiento gástrico al entendimiento de la gastroparesia","Rodríguez Varón, Alberto, Zuleta, Julio","Revista Colombiana de Gastroenterologia; 25(2); 219-225","Revista Colombiana de Gastroenterologia","Inglês, Espanhol","2010","http://www.scielo.org.co/scielo.php?script=sci_arttext&pid=S0120-99572010000200015&lang=pt" 
"S0120-99572010000200016-col","Cartas al Editor","Dib Jr, Jacobo","Revista Colombiana de Gastroenterologia; 25(2); 227-227","Revista Colombiana de Gastroenterologia","Espanhol","2010","http://www.scielo.org.co/scielo.php?script=sci_arttext&pid=S0120-99572010000200016&lang=pt" 
"S0120-99572010000200017-col","Cartas al Editor","Archila, Paulo Emilio","Revista Colombiana de Gastroenterologia; 25(2); 228-229","Revista Colombiana de Gastroenterologia","Espanhol","2010","http://www.scielo.org.co/scielo.php?script=sci_arttext&pid=S0120-99572010000200017&lang=pt" 
"S0120-99572010000200010-col","Sangrado gastrointestinal oscuro: ¿Cuál es el mejor abordaje diagnóstico?","Juliao Baños, Fabián","Revista Colombiana de Gastroenterologia; 25(2); 177-184","Revista Colombiana de Gastroenterologia","Inglês, Espanhol","2010","http://www.scielo.org.co/scielo.php?script=sci_arttext&pid=S0120-99572010000200010&lang=pt" 
"S0120-99572010000200011-col","Fibrogénesis hepática","Páramo Hernández, David B, Otero Regino, William, Pineda Ovalle, Luis F","Revista Colombiana de Gastroenterologia; 25(2); 187-197","Revista Colombiana de Gastroenterologia","Inglês, Espanhol","2010","http://www.scielo.org.co/scielo.php?script=sci_arttext&pid=S0120-99572010000200011&lang=pt" 
"S0120-99572010000200012-col","Hemocromatosis hereditaria: Presentación de 2 casos y revisión de la literatura","Santacoloma, Mario, Gutiérrez Londoño, Harold, Limas, Luis Manuel","Revista Colombiana de Gastroenterologia; 25(2); 198-203","Revista Colombiana de Gastroenterologia","Inglês, Espanhol","2010","http://www.scielo.org.co/scielo.php?script=sci_arttext&pid=S0120-99572010000200012&lang=pt" 
"S0120-99572010000200013-col","Enfermedad celíaca en niños","Wilches Luna, Alejandra, Gómez López de Mesa, Carolina","Revista Colombiana de Gastroenterologia; 25(2); 204-213","Revista Colombiana de Gastroenterologia","Inglês, Espanhol","2010","http://www.scielo.org.co/scielo.php?script=sci_arttext&pid=S0120-99572010000200013&lang=pt" 
"S0120-36302010000100002-col","PROVENANCE OF OLIGOCENE CONGLOMERATES AND ASSOCIATED SANDSTONES FROM THE SIAMANÁFORMATION, SERRANÍADE JARARA, GUAJIRA, COLOMBIA: IMPLICATIONS FOR OLIGOCENE CARIBBEAN-SOUTH AMERICAN TECTONICS","ZAPATA, SEBASTIÁN, WEBER, MARION, CARDONA, AGUSTÍN, VALENCIA, VÍCTOR, GUZMÁN, GEORGINA, TABÓN, MÓNICA","Boletín de Ciencias de la Tierra; (27); 07-24","Boletín de Ciencias de la Tierra","Inglês","2010","http://www.scielo.org.co/scielo.php?script=sci_arttext&pid=S0120-36302010000100002&lang=pt" 
"S0120-36302010000100003-col","GEOLOGÍA, GEOCRONOLOGÍA Y GEOQUÍMICA DEL VOLCÁN MORASURCO, PASTO, COLOMBIA","DUQUE TRUJILLO, JOSÉ FERNANDO, TORO VILLEGAS, GLORIA ELENA, CARDONA MOLINA, AGUSTÍN, CALVACHE VELAZCO, MARTA","Boletín de Ciencias de la Tierra; (27); 25-36","Boletín de Ciencias de la Tierra","Espanhol","2010","http://www.scielo.org.co/scielo.php?script=sci_arttext&pid=S0120-36302010000100003&lang=pt" 
"S0120-36302010000100001-col","PRESENTACIÓN","CABALLERO ACOSTA, JOSÉ HUMBERTO","Boletín de Ciencias de la Tierra; (27); 06-06","Boletín de Ciencias de la Tierra","Espanhol","2010","http://www.scielo.org.co/scielo.php?script=sci_arttext&pid=S0120-36302010000100001&lang=pt" 
"S0120-36302010000100006-col","EXPERIMENTAL, ANALYTICAL AND THEORETICAL SLOPE STABILITY ANALYSIS WITH DIFFERENT MATERIALS AND METHODS","NAMDAR, ABDOULLAH, KHODASHENAS PELKO, AZAM","Boletín de Ciencias de la Tierra; (27); 71-78","Boletín de Ciencias de la Tierra","Inglês","2010","http://www.scielo.org.co/scielo.php?script=sci_arttext&pid=S0120-36302010000100006&lang=pt" 
"S0120-36302010000100004-col","COMBINACIÓN FIJ A DE CLASIFICADORES PARA LA DISCRIMINACIÓN DE SEÑALES SÍSMICAS VOLCÁNICAS","CHU SALGADO, CRISTIAN ANDRÉS, OROZCO ÁLZATE, MAURICIO, LONDOÑO BONILLA, JOHN MAKARIO","Boletín de Ciencias de la Tierra; (27); 37-48","Boletín de Ciencias de la Tierra","Espanhol","2010","http://www.scielo.org.co/scielo.php?script=sci_arttext&pid=S0120-36302010000100004&lang=pt" 
"S0120-36302010000100005-col","RASGOS DE ALTERACIÓN EN LOS MINERALES DE LAS CENIZAS VOLCÁNICAS DEL NORTE DE LA CORDILLERA CENTRAL DE COLOMBIA","FLÓREZ M., MARÍA TERESA, PARRA S., LUIS NORBERTO","Boletín de Ciencias de la Tierra; (27); 49-70","Boletín de Ciencias de la Tierra","Espanhol","2010","http://www.scielo.org.co/scielo.php?script=sci_arttext&pid=S0120-36302010000100005&lang=pt" 
"S0120-36302010000100007-col","MECHANICAL ANISOTROPY OF THE GNEIS AT THE PORCE III HYDROELECTRIC POWERHOUSE","SUAREZBURGOA, LUDGER, CASTRO CAICEDO, ÁLVARO, PACHECO DE ASSIS, ANDRÉ","Boletín de Ciencias de la Tierra; (27); 79-96","Boletín de Ciencias de la Tierra","Inglês","2010","http://www.scielo.org.co/scielo.php?script=sci_arttext&pid=S0120-36302010000100007&lang=pt" 
"S0121-47722010000100010-col","","Seda-Irizarry, Ian J","Cuadernos de Economía; 29(52); 237-243","Cuadernos de Economía","Espanhol","2010","http://www.scielo.org.co/scielo.php?script=sci_arttext&pid=S0121-47722010000100010&lang=pt" 
"S0121-47722010000100009-col","ANÁLISIS DE LA DISTRIBUCIÓN DE LAS TASAS DE RETORNO ACCIONARIAS HACIENDO USO DE LA DISTRIBUCIÓN G Y H DE TUKEY","Mendoza Piñeros, Andrés Mauricio, Jiménez Moscoso, José Alfredo","Cuadernos de Economía; 29(52); 213-235","Cuadernos de Economía","Espanhol","2010","http://www.scielo.org.co/scielo.php?script=sci_arttext&pid=S0121-47722010000100009&lang=pt" 
"S0121-47722010000100008-col","AUTONOMÍA LABORAL, TRANSFERENCIA DE CONOCIMIENTO Y MOTIVACIÓN DE LOS TRABAJADORES COMO FUENTE DE VENTAJAS COMPETITIVAS","Pérez-Bustamante Ilander, Guillermo, Sáenz Blanco, Fabiola","Cuadernos de Economía; 29(52); 183-212","Cuadernos de Economía","Espanhol","2010","http://www.scielo.org.co/scielo.php?script=sci_arttext&pid=S0121-47722010000100008&lang=pt" 
"S0121-47722010000100001-col","LA NO NEUTRALIDAD DEL DINERO EN EL LARGO PLAZO: UN DEBATE ENTRE CHICAGO Y VIENA","Ravier, Adrián O","Cuadernos de Economía; 29(52); 1-19","Cuadernos de Economía","Espanhol","2010","http://www.scielo.org.co/scielo.php?script=sci_arttext&pid=S0121-47722010000100001&lang=pt" 
"S0121-47722010000100003-col","UN MODELO SETAR PARA EL PIB COLOMBIANO","Hoyos, Milena, Ramos, Johanna, Vivas, Lorena","Cuadernos de Economía; 29(52); 63-78","Cuadernos de Economía","Espanhol","2010","http://www.scielo.org.co/scielo.php?script=sci_arttext&pid=S0121-47722010000100003&lang=pt" 
"S0121-47722010000100002-col","ASPECTOS INSTITUCIONALES DE LA BANCA CENTRAL EN COLOMBIA (1963-2007)","Giraldo Palomino, Andrés Felipe","Cuadernos de Economía; 29(52); 21-62","Cuadernos de Economía","Espanhol","2010","http://www.scielo.org.co/scielo.php?script=sci_arttext&pid=S0121-47722010000100002&lang=pt" 
"S0121-47722010000100005-col","ESSENTIAL EDUCATIONAL ACHIEVEMENTS AS THE CURRENCY OF EDUCATIONAL JUSTICE","Waltenberg, Fábio D","Cuadernos de Economía; 29(52); 103-126","Cuadernos de Economía","Inglês","2010","http://www.scielo.org.co/scielo.php?script=sci_arttext&pid=S0121-47722010000100005&lang=pt" 
"S0121-47722010000100004-col","APRENDIZAJE PRODUCTIVO EN LA INDUSTRIA MANUFACTURERA DE COLOMBIA. UN ESTUDIO A NIVEL DE SECTORES","Durán Peralta, Julián","Cuadernos de Economía; 29(52); 79-102","Cuadernos de Economía","Espanhol","2010","http://www.scielo.org.co/scielo.php?script=sci_arttext&pid=S0121-47722010000100004&lang=pt" 
"S0121-47722010000100007-col","CRECIMIENTO RESTRINGIDO POR BALANZA DE PAGOS EN BRASIL (1963-2005)","Márquez Aldana, Yanod","Cuadernos de Economía; 29(52); 148-182","Cuadernos de Economía","Espanhol","2010","http://www.scielo.org.co/scielo.php?script=sci_arttext&pid=S0121-47722010000100007&lang=pt" 
"S0121-47722010000100006-col","UN IMPUESTO IMPLÍCITO A LA INVERSIÓN","Ávila Mahecha, Javier, León Hernández, Ivonne Rocío","Cuadernos de Economía; 29(52); 124-147","Cuadernos de Economía","Espanhol","2010","http://www.scielo.org.co/scielo.php?script=sci_arttext&pid=S0121-47722010000100006&lang=pt" 
"S1851-30182010000100001-arg","Espectroscopia por infrarrojo cercano (NIRS): Su aplicación en análisis de jugos de caña de azúcar","Zossi, Silvia, Ruiz, Roberto M., Sorol, Natalia, Sastre, Marcos","Revista industrial y agrícola de Tucumán; 87(1); 01-06","Revista industrial y agrícola de Tucumán","Espanhol","2010","http://www.scielo.org.ar/scielo.php?script=sci_arttext&pid=S1851-30182010000100001&lang=pt" 
"S1851-30182010000100002-arg","Efectos de la temperatura en la emergencia y el crecimiento inicial de caña planta y primera soca, variedad TUCCP 77-42","Romero, Eduardo R., Tonatto, Javier, Scandaliaris, Jorge, Digonzelli, Patricia, Leggio Neme, María F.","Revista industrial y agrícola de Tucumán; 87(1); 07-14","Revista industrial y agrícola de Tucumán","Espanhol","2010","http://www.scielo.org.ar/scielo.php?script=sci_arttext&pid=S1851-30182010000100002&lang=pt" 
"S1851-30182010000100003-arg","Influencia de compuestos azúcares y no azúcares en la calidad industrial de caña de azúcar en Tucumán (R. Argentina): Parte 1: caña limpia y despuntada","Zossi, B. Silvia, Cárdenas, Gerónimo J., Sorol, Natalia, Sastre, Marcos","Revista industrial y agrícola de Tucumán; 87(1); 15-27","Revista industrial y agrícola de Tucumán","Espanhol","2010","http://www.scielo.org.ar/scielo.php?script=sci_arttext&pid=S1851-30182010000100003&lang=pt" 
"S1851-30182010000100004-arg","Poder calorífico superior de bagazo, médula y sus mezclas, provenientes de la caña de azúcar de Tucumán, R. Argentina","Diez, Oscar A., Cárdenas, Gerónimo J., Mentz, Luis F.","Revista industrial y agrícola de Tucumán; 87(1); 29-38","Revista industrial y agrícola de Tucumán","Espanhol","2010","http://www.scielo.org.ar/scielo.php?script=sci_arttext&pid=S1851-30182010000100004&lang=pt" 
"S1851-30182010000100005-arg","Control químico de la cochinilla roja australiana (Aonidiella aurantii Maskell) con productos sistémicos aplicados al tronco y al suelo en plantaciones jóvenes de limonero","Salas, Hernán, Goane, Lucía, Casmuz, Augusto S., Zapatiel, Sebastián A., Bernal, Martín, Lazcano, José M.","Revista industrial y agrícola de Tucumán; 87(1); 39-44","Revista industrial y agrícola de Tucumán","Espanhol","2010","http://www.scielo.org.ar/scielo.php?script=sci_arttext&pid=S1851-30182010000100005&lang=pt" 
"S1851-30182010000100006-arg","Confirmation of the presence of citrus viroids in citrus orchards in Northwestern Argentina","Figueroa, Julia, Figueroa Castellanos, Ana, Foguet, Lucas, Escobar, Cecilia, Stein, Beatriz","Revista industrial y agrícola de Tucumán; 87(1); 45-48","Revista industrial y agrícola de Tucumán","Inglês","2010","http://www.scielo.org.ar/scielo.php?script=sci_arttext&pid=S1851-30182010000100006&lang=pt" 
"S0120-17512010000100002-col","Distribución de probabilidad que involucra algunas funciones hipergeométricas generalizadas","MELÉNDEZ, RAFAEL ALFONSO, CASTILLO, JAIME ANTONIO, JIMÉNEZ, CARLOS JESÚS","Revista Colombiana de Estadística; 33(1); 13-24","Revista Colombiana de Estadística","Espanhol","2010","http://www.scielo.org.co/scielo.php?script=sci_arttext&pid=S0120-17512010000100002&lang=pt" 
"S0120-17512010000100003-col","Nonparametric Time Series Analysis of the Conditional Mean and Volatility Functions for the COP/USD Exchange Rate Returns","GALLÓN, SANTIAGO, GÓMEZ, KAROLL","Revista Colombiana de Estadística; 33(1); 25-41","Revista Colombiana de Estadística","Inglês","2010","http://www.scielo.org.co/scielo.php?script=sci_arttext&pid=S0120-17512010000100003&lang=pt" 
"S0120-17512010000100001-col","A Probability Model for the Child Mortality in a Family","PANDEY, HIMANSHU, KISHUN, JAI","Revista Colombiana de Estadística; 33(1); 1-11","Revista Colombiana de Estadística","Inglês","2010","http://www.scielo.org.co/scielo.php?script=sci_arttext&pid=S0120-17512010000100001&lang=pt" 
"S0120-17512010000100006-col","Estimación de las componentes de un modelo de coeficientes dinámicos mediante las ecuaciones de estimación generalizadas","SOSA, JUAN CAMILO, DÍAZ, LUIS GUILLERMO","Revista Colombiana de Estadística; 33(1); 89-109","Revista Colombiana de Estadística","Espanhol","2010","http://www.scielo.org.co/scielo.php?script=sci_arttext&pid=S0120-17512010000100006&lang=pt" 
"S0120-17512010000100007-col","Bondad de ajuste empleando la función generadora demomentos","MUÑOZ, LUIS ALFONSO, MAYORGA, JORGE HUMBERTO","Revista Colombiana de Estadística; 33(1); 111-125","Revista Colombiana de Estadística","Espanhol","2010","http://www.scielo.org.co/scielo.php?script=sci_arttext&pid=S0120-17512010000100007&lang=pt" 
"S0120-17512010000100004-col","Appraisal of Several Methods to Model Time to Multiple Events per Subject: Modelling Time to Hospitalizations and Death","CASTAÑEDA, JAVIER, GERRITSE, BART","Revista Colombiana de Estadística; 33(1); 43-61","Revista Colombiana de Estadística","Inglês","2010","http://www.scielo.org.co/scielo.php?script=sci_arttext&pid=S0120-17512010000100004&lang=pt" 
"S0120-17512010000100005-col","Confidence and Credibility Intervals for the Difference of Two Proportions","ZHANG, HANWEN, GUTIÉRREZ ROJAS, HUGO ANDRÉS, CEPEDA CUERVO, EDILBERTO","Revista Colombiana de Estadística; 33(1); 63-88","Revista Colombiana de Estadística","Inglês","2010","http://www.scielo.org.co/scielo.php?script=sci_arttext&pid=S0120-17512010000100005&lang=pt" 
"S0120-17512010000100008-col","Synthesizing the Ability in Multidimensional Item Response Theory Models","MONTENEGRO DÍAZ, ÁLVARO MAURICIO, CEPEDA, EDILBERTO","Revista Colombiana de Estadística; 33(1); 127-147","Revista Colombiana de Estadística","Inglês","2010","http://www.scielo.org.co/scielo.php?script=sci_arttext&pid=S0120-17512010000100008&lang=pt" 
"S0120-17512010000100009-col","Un test de similitud entre dos secuencias dicotómicas ordenadas","GIRALDO HENAO, RAMÓN, CORZO SALAMANCA, JIMMY","Revista Colombiana de Estadística; 33(1); 149-166","Revista Colombiana de Estadística","Espanhol","2010","http://www.scielo.org.co/scielo.php?script=sci_arttext&pid=S0120-17512010000100009&lang=pt" 
"S0034-74262010000100001-col","Commensurator Subgroups of Surface Groups","OCAMPO URIBE, OSCAR EDUARDO","Revista Colombiana de Matemáticas; 44(1); 1-13","Revista Colombiana de Matemáticas","Inglês","2010","http://www.scielo.org.co/scielo.php?script=sci_arttext&pid=S0034-74262010000100001&lang=pt" 
"S0034-74262010000100003-col","A Variational Characterization of the Fucik Spectrum and Applications","CASTRO, ALFONSO, CHANG, CHEN","Revista Colombiana de Matemáticas; 44(1); 23-40","Revista Colombiana de Matemáticas","Inglês","2010","http://www.scielo.org.co/scielo.php?script=sci_arttext&pid=S0034-74262010000100003&lang=pt" 
"S0034-74262010000100002-col","Rigidity of the Stable Norm on Tori","OSUNA, OSVALDO","Revista Colombiana de Matemáticas; 44(1); 15-21","Revista Colombiana de Matemáticas","Inglês","2010","http://www.scielo.org.co/scielo.php?script=sci_arttext&pid=S0034-74262010000100002&lang=pt" 
"S0034-74262010000100005-col","An Alternative Proof of Hill&#039;s Criterion of Freeness for Abelian Groups","MACÍAS-DÍAZ, JORGE EDUARDO","Revista Colombiana de Matemáticas; 44(1); 59-64","Revista Colombiana de Matemáticas","Inglês","2010","http://www.scielo.org.co/scielo.php?script=sci_arttext&pid=S0034-74262010000100005&lang=pt" 
"S0034-74262010000100004-col","Maximal Virtual Schottky Groups: Explicit Constructions","HIDALGO, RUBÉN A.","Revista Colombiana de Matemáticas; 44(1); 41-57","Revista Colombiana de Matemáticas","Inglês","2010","http://www.scielo.org.co/scielo.php?script=sci_arttext&pid=S0034-74262010000100004&lang=pt" 
"S0034-74262010000100006-col","Teoremas para funciones de Bessel de dos índices y un parámetro","CASTILLO, GREILYN, GALUÉ, LEDA","Revista Colombiana de Matemáticas; 44(1); 65-78","Revista Colombiana de Matemáticas","Espanhol","2010","http://www.scielo.org.co/scielo.php?script=sci_arttext&pid=S0034-74262010000100006&lang=pt" 
"S1029-30192010000400001-cub","Hemodilución normovolémica inducida: mejoría de los valores hemodinámicos y gasométricos en pacientes con claudicación a la marcha","Suárez Lescay, Celso, Hernández Acosta, Caridad","MEDISAN; 14(4); -","MEDISAN","Espanhol","2010","http://scielo.sld.cu/scielo.php?script=sci_arttext&pid=S1029-30192010000400001&lang=pt" 
"S1029-30192010000400003-cub","Diagnóstico clínico e histopatológico de la eritroplasia bucal","Estrada Pereira, Gladys Aída, Zayas Simón, Oscar Primitivo, González Heredia, Eugenia, González Alonso, César, Castellanos Sierra, Georgina","MEDISAN; 14(4); -","MEDISAN","Espanhol","2010","http://scielo.sld.cu/scielo.php?script=sci_arttext&pid=S1029-30192010000400003&lang=pt" 
"S1029-30192010000400004-cub","Algunos factores epidemiológicos relacionados con la tuberculosis en la provincia de Santiago de Cuba (2005-2007)","del Campo Mulet, Ernestina, Grave de Peralta, Yanara Toledano, Blanco Zambrano, Gladis, Nápoles Smith, Nancy, Ramos Arias, Delmar","MEDISAN; 14(4); -","MEDISAN","Espanhol","2010","http://scielo.sld.cu/scielo.php?script=sci_arttext&pid=S1029-30192010000400004&lang=pt" 
"S1029-30192010000400005-cub","Intervención educativa sobre salud sexual en ancianos y ancianas del Centro urbano &quot;Abel Santamaría Cuadrado&quot;","Boudet Molina, Raiza","MEDISAN; 14(4); -","MEDISAN","Espanhol","2010","http://scielo.sld.cu/scielo.php?script=sci_arttext&pid=S1029-30192010000400005&lang=pt" 
"S1029-30192010000400006-cub","Eficacia del uso de ozonoterapia, magnetismo y electroestimulación en pacientes con retinosis pigmentaria y glaucoma","García Espinosa, Sarah María, Freyre Luque, Rásife, Fernández Pérez, Sonia Rafaela, Dager Salomón, Melek, García Mayet, Idalmis","MEDISAN; 14(4); -","MEDISAN","Espanhol","2010","http://scielo.sld.cu/scielo.php?script=sci_arttext&pid=S1029-30192010000400006&lang=pt" 
"S1029-30192010000400007-cub","Factores de riesgo epidemiológico de hepatitis C en pacientes hemodializados","Álvarez Peña, Mayra M, Estenoz Odio, Gustavo, Garlobo Rosales, Dulce M","MEDISAN; 14(4); -","MEDISAN","Espanhol","2010","http://scielo.sld.cu/scielo.php?script=sci_arttext&pid=S1029-30192010000400007&lang=pt" 
"S1029-30192010000400008-cub","Necesidad de promover el conocimiento de la historia local: Una experiencia práctica","Nodal Laugart, Ramón Lemay, Rodríguez Hardy, Maricel, Quesada Fonseca, Aliuska","MEDISAN; 14(4); -","MEDISAN","Espanhol","2010","http://scielo.sld.cu/scielo.php?script=sci_arttext&pid=S1029-30192010000400008&lang=pt" 
"S1029-30192010000400009-cub","Infección hospitalaria en recién nacidos ingresados en un servicio de cuidados intensivos neonatales","Manet Lahera, Luis Ricardo, Poveda Marcheco, Aimée, Rivero Sandoval, Vivian, Ropero Poveda, Eduardo","MEDISAN; 14(4); -","MEDISAN","Espanhol","2010","http://scielo.sld.cu/scielo.php?script=sci_arttext&pid=S1029-30192010000400009&lang=pt" 
"S1029-30192010000400010-cub","Calidad de la ejecución del Programa de Control de la Tuberculosis en una institución cerrada de Santiago de Cuba","Lafargue Mayoz, Dina, Orozco González, María Iluminada, Grave de Peralta, Yanara Toledano, del Campo Mulet, Ernestina, Tablada del Risco, René","MEDISAN; 14(4); -","MEDISAN","Espanhol","2010","http://scielo.sld.cu/scielo.php?script=sci_arttext&pid=S1029-30192010000400010&lang=pt" 
"S1029-30192010000400011-cub","Deliberaciones terapéuticas actuales sobre el síndrome coronario agudo","de Dios Lorente, José Arturo, Rodulfo García, Maikel, Duret Gala, Yadmila","MEDISAN; 14(4); -","MEDISAN","Espanhol","2010","http://scielo.sld.cu/scielo.php?script=sci_arttext&pid=S1029-30192010000400011&lang=pt" 
"S1029-30192010000400012-cub","Afecciones digestivas más frecuentes en el adulto mayor","Álvarez Guerra, Odalys María, Ulloa Arias, Beatriz, Fernández Duharte, Jesús, Castellanos Carmenatte, Teresa, González de la Paz, José E","MEDISAN; 14(4); -","MEDISAN","Espanhol","2010","http://scielo.sld.cu/scielo.php?script=sci_arttext&pid=S1029-30192010000400012&lang=pt" 
"S1029-30192010000400014-cub","Miocardiopatía dilatada en un feto de 34 semanas","Pons Porrata, Laura María, García Gómez, Odalis, Poulut Durades, Tania Margarita, López Veranes, José Ángel, Navarro Tordera, Maricel","MEDISAN; 14(4); -","MEDISAN","Espanhol","2010","http://scielo.sld.cu/scielo.php?script=sci_arttext&pid=S1029-30192010000400014&lang=pt" 
"S1029-30192010000400015-cub","Adenocarcinoma renal en un adulto","Fernández Tamayo, Elizabeth, Ferreiro González, Nelsy, Amierio Paz, Mirurgia, Simpson Johnson, Bertha","MEDISAN; 14(4); -","MEDISAN","Espanhol","2010","http://scielo.sld.cu/scielo.php?script=sci_arttext&pid=S1029-30192010000400015&lang=pt" 
"S1029-30192010000400016-cub","Infarto agudo del miocardio sin elevación del segmento T: Consideraciones fisiopatológicas y clínicas","Rodulfo García, Maikel, de Dios Lorente, José Arturo","MEDISAN; 14(4); -","MEDISAN","Espanhol","2010","http://scielo.sld.cu/scielo.php?script=sci_arttext&pid=S1029-30192010000400016&lang=pt" 
"S1029-30192010000400017-cub","Uso y abuso de las benzodiazepinas","López Vantour, Ana, Aroche Arzuaga, Alina, Bestard Romero, Jamet, Ocaña Fontela, Nelaines","MEDISAN; 14(4); -","MEDISAN","Espanhol","2010","http://scielo.sld.cu/scielo.php?script=sci_arttext&pid=S1029-30192010000400017&lang=pt" 
"S1029-30192010000400018-cub","Economía de palabras con la propuesta de un término","Jiménez Arias, María Elena, de Dios Lorente, José Arturo, Plasencia Asorey, Carolina","MEDISAN; 14(4); -","MEDISAN","Espanhol","2010","http://scielo.sld.cu/scielo.php?script=sci_arttext&pid=S1029-30192010000400018&lang=pt" 
"S1029-30192010000400019-cub","Antecedentes históricos de la economía de la salud y su evolución en Cuba","César Valdés, Julio César","MEDISAN; 14(4); -","MEDISAN","Espanhol","2010","http://scielo.sld.cu/scielo.php?script=sci_arttext&pid=S1029-30192010000400019&lang=pt" 
"S1029-30192010000400020-cub","Dr. Jorge Ruiz Rodríguez: arquetipo de sencillez, modestia, prestigio y autoridad moral","Rizo Rodríguez, Raúl","MEDISAN; 14(4); -","MEDISAN","Espanhol","2010","http://scielo.sld.cu/scielo.php?script=sci_arttext&pid=S1029-30192010000400020&lang=pt" 
"S1029-30192010000400002-cub","Atención de enfermería a madres de recién nacidos con bajo peso al nacer","Pérez Reyna, Mayelín, Morando Flores, Dania, Argilagos Casazayas, Grisel, Fernández Mora, Juana","MEDISAN; 14(4); -","MEDISAN","Espanhol","2010","http://scielo.sld.cu/scielo.php?script=sci_arttext&pid=S1029-30192010000400002&lang=pt" 
"S1029-30192010000400013-cub","Tratamiento de la cardiopatía pulmonar crónica","Aquin Roll, Carlos, Barrera Escalona, Nidia, Vicente Odio, Eladio Francisco, Sánchez Sosa, Aliuska","MEDISAN; 14(4); -","MEDISAN","Espanhol","2010","http://scielo.sld.cu/scielo.php?script=sci_arttext&pid=S1029-30192010000400013&lang=pt" 
"S1575-06202010000100002-esp","¿Tienen apoyo social los reclusos drogodependientes?: Estudio en una prisión andaluza","Rodríguez-Martínez, A., Ruiz-Rodríguez, F., Antón-Basanta, J.J., Herrera-Jáimez, J., Máiquez-Pérez, A., Ottaviano-Castillo, A.","Revista Española de Sanidad Penitenciaria; 12(1); 13-20","Revista Española de Sanidad Penitenciaria","Espanhol","2010","http://scielo.isciii.es/scielo.php?script=sci_arttext&pid=S1575-06202010000100002&lang=pt" 
"S1575-06202010000100003-esp","Infección por el Virus de Inmunodeficiencia Humana y conductas de riesgo asociadas en un Centro Penitenciario de Montevideo, Uruguay","Macri Troya, M., Berthier Vila, R.","Revista Española de Sanidad Penitenciaria; 12(1); 21-28","Revista Española de Sanidad Penitenciaria","Espanhol","2010","http://scielo.isciii.es/scielo.php?script=sci_arttext&pid=S1575-06202010000100003&lang=pt" 
"S1575-06202010000100001-esp","Sanidad Penitenciaria: una visión desde fuera","Villanueva Cañada, Enrique","Revista Española de Sanidad Penitenciaria; 12(1); 9-12","Revista Española de Sanidad Penitenciaria","Espanhol","2010","http://scielo.isciii.es/scielo.php?script=sci_arttext&pid=S1575-06202010000100001&lang=pt" 
"S1807-76922010000200003-scl","The social and intellectual dimensions in the construction of scientific knowledge: the institutional theory in organization studies in Brazil","Guarido Filho, Edson Ronaldo, Machado-da-Silva, Clóvis L., Rossoni, Luciano","BAR - Brazilian Administration Review; 7(2); 136-154","BAR - Brazilian Administration Review","Inglês","2010","http://www.scielo.br/scielo.php?script=sci_arttext&pid=S1807-76922010000200003&lang=pt" 
"S1807-76922010000200001-scl","Editorial","Quintella, Rogério H","BAR - Brazilian Administration Review; 7(2); -","BAR - Brazilian Administration Review","Inglês","2010","http://www.scielo.br/scielo.php?script=sci_arttext&pid=S1807-76922010000200001&lang=pt" 
"S1807-76922010000200002-scl","Scholarly management knowledge in the periphery: Argentina and Brazil in comparative perspective (1970-2005)","Gantman, Ernesto R.","BAR - Brazilian Administration Review; 7(2); 115-135","BAR - Brazilian Administration Review","Inglês","2010","http://www.scielo.br/scielo.php?script=sci_arttext&pid=S1807-76922010000200002&lang=pt" 
